#1
156.181
137.438
126.36
121.844
122.702
127.707
135.639
145.324
155.673
165.716
174.62
181.715
186.504
188.666
188.058
184.705
178.795
170.656
160.739
149.598
137.862
126.213
115.359
106.012
98.8604
94.5493
93.6614
96.6987
104.068
116.071
132.894
154.601
181.137
212.323
247.863
287.348
330.268
376.02
423.923
473.232
523.156
572.875
621.557
668.381
712.55
753.313
789.981
821.945
848.686
869.789
884.954
893.998
896.863
893.611
884.424
869.596
849.522
824.688
795.654
763.042
727.51
689.742
650.427
610.242
569.836
529.818
490.747
453.119
417.371
383.871
352.924
324.772
299.605
277.564
258.749
243.233
231.061
222.264
216.86
214.858
216.256
221.042
229.186
240.637
255.31
273.082
293.779
317.169
342.954
370.77
400.177
430.669
461.674
492.565
522.674
551.306
577.761
601.354
621.434
637.411
648.777
655.122
656.153
651.707
641.76
626.427
605.964
580.761
551.326
518.274
482.303
444.169
404.667
364.596
324.74
285.836
248.557
213.485
181.102
151.775
125.748
103.145
83.9692
68.1159
55.3827
45.4865
38.0832
32.7877
29.1959
26.905
25.5331
24.7358
24.2198
23.7525
23.1675
22.3653
21.3106
20.0245
18.5747
17.0623
15.6073
14.3339
13.3557
12.7631
12.6122
12.9179
13.6503
14.7346
16.0557
17.4665
18.7993
19.8798
20.5427
20.6483
20.0979
18.8481
16.9219
14.4169
11.5083
8.44788
5.55721
3.21677
1.85003
1.90385
3.82608
8.04123
14.9257
24.7835
37.8247
54.1464
73.7183
96.3744
121.81
149.585
179.134
209.784
240.778
271.301
300.51
327.577
351.719
372.237
388.552
400.239
407.049
408.938
406.075
398.85
387.869
373.94
358.048
341.321
324.986
310.322
298.597
291.009
288.624
292.315
302.702
320.1
344.486
375.465
412.263
453.731
498.375
544.394
589.753
632.257
669.652
699.735
720.465
730.086
727.238
711.063
681.294
638.319
583.225
517.8
444.515
366.452
287.216
210.796
141.408
83.3073
40.5904
16.9837
15.6387
38.9379
88.326
164.173
265.683
390.85
536.468
698.211
870.756
1047.98
1223.17
1389.37
1539.6
1667.27
1766.45
1832.25
1861.05
1850.78
1801.11
1713.52
1591.43
1440.03
1266.23
1078.41
886.116
699.673
529.793
387.093
281.626
222.41
216.981
271.005
387.944
568.823
812.087
1113.57
1466.59
1862.11
2289.08
2734.83
3185.52
3626.67
4043.8
4422.91
4751.14
5017.24
5212.02
5328.79
5363.57
5315.25
5185.67
4979.49
4703.98
4368.74
3985.25
3566.44
3126.09
2678.32
2237
1815.25
1424.88
1076.05
776.861
533.139
348.31
223.349
156.865
145.268
183.029
263.01
376.843
515.348
668.961
828.165
983.88
1127.83
1252.85
1353.13
1424.35
1463.82
1470.5
1444.91
1389.03
1306.15
1200.63
1077.68
943.052
802.821
663.072
529.667
408.014
302.874
218.205
157.044
121.437
112.41
129.984
173.216
240.289
328.614
434.961
555.604
686.468
823.291
961.765
1097.69
1227.08
1346.33
1452.24
1542.16
1613.98
1666.22
1698
1709.08
1699.78
1670.97
1624
1560.64
1483.02
1393.51
1294.66
1189.12
1079.54
968.497
858.437
751.596
649.955
555.2
468.694
391.453
324.149
267.111
220.344
183.554
#2
235.029
248.609
262.628
277.027
291.731
306.649
321.67
336.666
351.491
365.979
379.952
393.213
405.56
416.781
426.663
434.994
441.576
446.223
448.77
449.083
447.059
442.634
435.789
426.548
414.983
401.213
385.404
367.761
348.529
327.983
306.422
284.16
261.517
238.813
216.354
194.429
173.299
153.192
134.298
116.77
100.714
86.1963
73.2438
61.845
51.9558
43.5041
36.396
30.5215
25.7603
21.9878
19.0803
16.9189
15.3941
14.4073
13.8734
13.7214
13.8941
14.3477
15.0504
15.9808
17.1258
18.4783
20.0358
21.7976
23.7637
25.9329
28.3018
30.8635
33.6075
36.5189
39.5781
42.7612
46.0395
49.3805
52.7475
56.1004
59.3958
62.588
65.6289
68.4696
71.0601
73.3509
75.2938
76.8427
77.9552
78.5932
78.7249
78.3252
77.3776
75.8751
73.8209
71.2297
68.128
64.5548
60.5611
56.2106
51.5785
46.7511
41.8246
36.9039
32.1003
27.5303
23.3123
19.5651
16.4038
13.9376
12.266
11.4756
11.6364
12.7981
14.9874
18.2043
22.4201
27.5747
33.576
40.2997
47.5897
55.2606
63.1013
70.88
78.3501
85.2588
91.3551
96.4004
100.179
102.509
103.252
102.326
99.7126
95.4644
89.7114
82.6635
74.6103
65.9176
57.0207
48.4134
40.6341
34.2481
29.8271
27.9265
29.0604
33.676
42.1288
54.6577
71.3638
92.1917
116.916
145.135
176.266
209.558
244.098
278.845
312.648
344.297
372.56
396.238
414.216
425.523
429.386
425.281
412.976
392.578
364.547
329.717
289.293
244.828
198.191
151.514
107.124
67.4611
34.9864
12.0825
0.94908
3.50022
21.2677
55.3142
106.162
173.738
257.348
355.667
466.76
588.132
716.798
849.38
982.218
1111.51
1233.43
1344.3
1440.72
1519.67
1578.69
1615.93
1630.21
1621.11
1588.98
1534.88
1460.57
1368.47
1261.47
1142.9
1016.38
885.648
754.455
626.411
504.861
392.772
292.638
206.413
135.459
80.5298
41.7728
18.7606
10.54
15.7023
32.4668
58.775
92.3898
130.996
172.298
214.108
254.423
291.494
323.871
350.439
370.43
383.428
389.349
388.415
381.116
368.159
350.422
328.891
304.612
278.636
251.97
225.543
200.166
176.513
155.104
136.298
120.298
107.156
96.7938
89.0159
83.5384
80.0115
78.0446
77.2309
77.1696
77.4844
77.8397
77.9517
77.5961
76.6115
74.8993
72.4201
69.188
65.2625
60.7392
55.7401
50.4038
44.8759
39.3014
33.8173
28.5475
23.599
19.0596
14.9975
11.4614
8.48231
6.0759
4.24476
2.98141
2.27077
2.09244
2.42246
3.23444
4.50011
6.18931
8.26946
10.7047
13.455
16.4747
19.7121
23.1087
26.599
30.1109
33.5668
36.8855
39.9839
42.7797
45.1946
47.1572
48.606
49.4922
49.7824
49.4601
48.5273
47.0046
44.9311
42.363
39.3719
36.042
32.4669
28.7463
24.9822
21.2751
17.7203
14.4049
11.4051
8.7835
6.58841
4.85248
3.59291
2.8121
2.49889
2.63037
3.17407
4.09043
5.33535
6.86278
8.62713
10.5855
12.6993
14.936
17.27
19.6828
22.1637
24.7091
27.3221
30.0114
32.7906
35.6767
38.6894
41.8496
45.1787
48.698
52.4279
56.3874
60.5947
65.0663
69.8179
74.8646
80.221
85.902
91.9228
98.2996
105.05
112.191
119.743
127.727
136.162
145.069
154.468
164.377
174.811
185.781
197.293
209.346
221.931
#3
157.393
128.578
114.4
114.324
127.38
152.221
187.197
230.428
279.885
333.464
389.067
444.665
498.362
548.447
593.431
632.086
663.455
686.866
701.93
708.526
706.788
697.077
679.951
656.131
626.465
591.894
553.416
512.048
468.8
424.645
380.495
337.183
295.446
255.915
219.109
185.431
155.173
128.516
105.538
86.2261
70.4829
58.1424
48.9808
42.7303
39.0915
37.7466
38.3704
40.6411
44.2499
48.9089
54.3576
60.3676
66.7468
73.3408
80.0334
86.7464
93.4374
100.097
106.746
113.428
120.211
127.175
134.413
142.023
150.105
158.755
168.064
178.112
188.966
200.678
213.285
226.803
241.231
256.547
272.712
289.664
307.322
325.588
344.342
363.451
382.763
402.109
421.31
440.175
458.503
476.086
492.716
508.183
522.283
534.819
545.609
554.487
561.31
565.959
568.348
568.418
566.15
561.559
554.697
545.652
534.549
521.542
506.817
490.583
473.069
454.516
435.178
415.306
395.153
374.96
354.957
335.354
316.345
298.096
280.751
264.43
249.225
235.205
222.416
210.882
200.608
191.582
183.777
177.151
171.655
167.227
163.799
161.298
159.643
158.75
158.534
158.904
159.768
161.035
162.613
164.41
166.337
168.305
170.23
172.032
173.633
174.96
175.945
176.522
176.631
176.211
175.207
173.565
171.233
168.161
164.303
159.618
154.071
147.638
140.309
132.092
123.019
113.151
102.582
91.4505
79.9352
68.2661
56.7239
45.6417
35.4029
26.4377
19.2166
14.2405
12.0284
13.1023
17.9695
27.1025
40.9175
59.7523
83.8441
113.307
148.116
188.083
232.855
281.897
334.497
389.766
446.657
503.978
560.425
614.612
665.114
710.513
749.446
780.662
803.066
815.779
818.177
809.933
791.048
761.872
723.108
675.81
621.358
561.425
497.924
432.947
368.688
307.362
251.115
201.934
161.557
131.392
112.446
105.27
109.913
125.914
152.298
187.613
229.975
277.152
326.653
375.844
422.073
462.798
495.723
518.919
530.94
530.916
518.626
494.532
459.795
416.242
366.31
312.948
259.491
209.508
166.633
134.379
115.948
114.056
130.758
167.311
224.058
300.357
394.556
504.013
625.167
753.66
884.506
1012.29
1131.43
1236.42
1322.09
1383.94
1418.32
1422.74
1396
1338.37
1251.65
1139.21
1005.9
857.946
702.75
548.609
404.41
279.264
182.115
121.338
104.342
137.192
224.287
368.08
568.881
824.745
1131.45
1482.58
1869.68
2282.54
2709.56
3138.14
3555.14
3947.44
4302.41
4608.44
4855.4
5035.04
5141.39
5170.92
5122.77
4998.76
4803.3
4543.22
4227.51
3866.9
3473.46
3060.11
2640.07
2226.34
1831.2
1465.77
1139.52
860.049
632.748
460.72
344.728
283.253
272.665
307.468
380.619
483.904
608.356
744.673
883.655
1016.6
1135.67
1234.2
1306.93
1350.19
1361.98
1341.98
1291.47
1213.22
1111.25
990.643
857.209
717.217
577.072
443.024
320.885
215.782
131.959
72.6133
39.799
34.377
56.0218
103.279
173.671
263.834
369.698
486.678
609.883
734.326
855.132
967.722
1067.99
1152.44
1218.3
1263.59
1287.18
1288.77
1268.89
1228.83
1170.55
1096.58
1009.89
913.771
811.702
707.192
603.666
504.341
412.126
329.533
258.608
200.893
#4
47.559
47.2062
46.9685
46.8721
46.9463
47.2239
47.7404
48.5338
49.6434
51.1092
52.9704
55.2639
58.0226
61.2738
65.0373
69.3239
74.1336
79.4543
85.2606
91.5131
98.1581
105.127
112.338
119.696
127.094
134.417
141.541
148.339
154.683
160.445
165.504
169.748
173.075
175.399
176.651
176.783
175.766
173.596
170.289
165.886
160.448
154.057
146.812
138.83
130.236
121.168
111.767
102.176
92.5368
82.9855
73.6501
64.6478
56.0826
48.044
40.6054
33.8246
27.7427
22.3856
17.7646
13.8776
10.711
8.24115
6.43634
5.25827
4.66375
4.60606
5.03605
5.90308
7.15565
8.74188
10.6098
12.7074
14.9833
17.3864
19.8667
22.3756
24.867
27.298
29.6305
31.8321
33.8781
35.7529
37.451
38.9787
40.3544
41.6091
42.7857
43.9383
45.13
46.4307
47.9132
49.65
51.7084
54.1462
57.0066
60.3144
64.0713
68.2531
72.8075
77.6528
82.6789
87.7488
92.7028
97.3633
101.542
105.047
107.692
109.309
109.753
108.914
106.727
103.179
98.3121
92.2305
85.0995
77.1438
68.6424
59.9205
51.3382
43.2769
36.123
30.2504
26.0021
23.6714
23.4845
25.5847
30.0194
36.7308
45.5511
56.2029
68.3048
81.3828
94.8874
108.215
120.735
131.817
140.868
147.357
150.855
151.055
147.806
141.121
131.201
118.428
103.364
86.7376
69.4162
52.3769
36.6645
23.3464
13.4624
7.97262
7.70671
13.3153
25.228
43.6186
68.3813
99.1186
135.142
175.486
218.937
264.078
309.335
353.047
393.533
429.169
458.46
480.121
493.136
496.823
490.877
475.402
450.924
418.389
379.14
334.874
287.585
239.491
192.951
150.365
114.078
86.2825
68.9154
63.5751
71.4423
93.2188
129.085
178.679
241.092
314.897
398.185
488.637
583.599
680.178
775.356
866.092
949.444
1022.68
1083.37
1129.51
1159.53
1172.44
1167.8
1145.76
1107.03
1052.89
985.081
905.799
817.557
723.112
625.361
527.223
431.545
340.99
257.952
184.475
122.185
72.2513
35.3539
11.6775
0.923452
2.33952
14.7666
36.6994
66.3586
101.771
140.853
181.5
221.666
259.442
293.127
321.284
342.787
356.851
363.045
361.297
351.877
335.371
312.641
284.776
253.037
218.796
183.474
148.478
115.141
84.6755
58.1203
36.31
19.847
9.08656
4.13365
4.84916
10.8669
21.619
36.3687
54.2483
74.3015
95.5267
116.92
137.518
156.433
172.887
186.239
196.002
201.857
203.659
201.43
195.353
185.756
173.091
157.913
140.848
122.569
103.765
85.1167
67.2688
50.8077
36.2435
23.9945
14.3771
7.5997
3.76126
2.85375
4.7686
9.30623
16.1884
25.0722
35.566
47.2453
59.669
72.3952
84.9956
97.0686
108.25
118.224
126.727
133.555
138.563
141.669
142.849
142.135
139.61
135.403
129.678
122.632
114.484
105.467
95.8229
85.7918
75.609
65.4972
55.6623
46.2892
37.5387
29.5455
22.4169
16.2324
11.044
6.8772
3.73292
1.58922
0.404031
0.117872
0.656796
1.93543
3.86002
6.33139
9.24775
12.5073
16.0108
19.6634
23.3765
27.0694
30.6702
34.1169
37.3576
40.3508
43.0654
45.4802
47.5832
49.3713
50.8486
52.0262
52.9203
53.5516
53.9438
54.1228
54.1152
53.9481
53.6478
53.2391
52.7456
52.1888
51.5883
50.9621
50.3267
49.6978
49.0905
48.5203
48.0038
#5
536.461
439.185
346.368
260.835
184.999
120.788
69.6101
32.3277
9.26411
0.226129
4.54593
21.138
48.5674
85.1264
128.915
177.922
230.103
283.457
336.088
386.261
432.454
473.381
508.024
535.638
555.755
568.172
572.934
570.313
560.777
544.957
523.614
497.606
467.848
435.289
400.874
365.522
330.105
295.427
262.211
231.09
202.599
177.174
155.154
136.78
122.204
111.497
104.655
101.61
102.241
106.381
113.832
124.37
137.755
153.738
172.07
192.504
214.801
238.735
264.088
290.658
318.255
346.698
375.818
405.449
435.431
465.602
495.798
525.848
555.575
584.788
613.288
640.861
667.286
692.326
715.742
737.287
756.715
773.782
788.254
799.913
808.558
814.015
816.14
814.825
810.005
801.653
789.795
774.5
755.89
734.134
709.447
682.09
652.362
620.596
587.154
552.418
516.784
480.652
444.417
408.464
373.152
338.817
305.756
274.224
244.432
216.54
190.659
166.85
145.126
125.454
107.766
91.9583
77.9052
65.4643
54.4864
44.8238
36.3394
28.9133
22.4501
16.883
12.1772
8.33108
5.37556
3.3713
2.40443
2.58052
4.01748
6.83753
11.1587
17.0866
24.706
34.0742
45.2146
58.1124
72.7115
88.9138
106.579
125.528
145.544
166.381
187.767
209.41
231.006
252.244
272.816
292.415
310.748
327.535
342.516
355.45
366.123
374.344
379.952
382.814
382.831
379.939
374.112
365.365
353.761
339.412
322.486
303.208
281.868
258.82
234.485
209.35
183.968
158.951
134.964
112.718
92.952
76.4259
63.898
56.1087
53.7589
57.4891
67.8562
85.3121
110.182
142.644
182.712
230.221
284.817
345.946
412.86
484.61
560.066
637.923
716.727
794.899
870.771
942.618
1008.71
1067.33
1116.88
1155.87
1182.99
1197.17
1197.64
1183.92
1155.9
1113.88
1058.54
990.974
912.707
825.641
732.045
634.501
535.847
439.101
347.376
263.782
191.326
132.798
90.6679
66.9766
63.2384
80.3563
118.553
177.323
255.411
350.815
460.821
582.07
710.65
842.224
972.173
1095.77
1208.36
1305.54
1383.38
1438.55
1468.55
1471.76
1447.63
1396.66
1320.46
1221.71
1104.05
971.978
830.643
685.654
542.822
407.908
286.348
182.997
101.885
46.0107
17.1748
15.8731
41.2465
91.1002
161.99
249.376
347.836
451.334
553.527
648.097
729.101
791.307
830.507
843.79
829.762
788.686
722.552
635.054
531.48
418.515
303.962
196.399
104.776
37.9782
4.37226
11.3633
64.9757
169.487
327.134
537.899
799.409
1106.93
1453.47
1830.04
2225.91
2629.07
3026.7
3405.69
3753.18
4057.15
4306.91
4493.57
4610.46
4653.39
4620.89
4514.21
4337.36
4096.84
3801.43
3461.78
3089.93
2698.85
2301.83
1911.94
1541.53
1201.67
901.803
649.34
449.447
304.904
216.081
181.017
195.609
253.884
348.35
470.393
610.717
759.794
908.301
1047.54
1169.78
1268.6
1339.08
1377.96
1383.74
1356.6
1298.38
1212.34
1103
975.839
836.99
692.944
550.218
415.06
293.165
189.444
107.828
51.1304
20.9667
17.7294
40.6198
87.7302
156.172
242.241
341.608
449.536
561.09
671.362
775.672
869.758
949.93
1013.2
1057.38
1081.13
1083.95
1066.22
1029.08
974.373
904.556
822.536
731.557
635.043
#6
14.0649
16.768
20.2395
24.5349
29.6959
35.747
42.6919
50.5114
59.161
68.5704
78.6429
89.257
100.268
111.513
122.81
133.969
144.793
155.085
164.653
173.316
180.911
187.294
192.346
195.977
198.126
198.765
197.894
195.548
191.788
186.7
180.396
173.007
164.677
155.564
145.832
135.645
125.171
114.567
103.987
93.5703
83.4443
73.7209
64.4953
55.8456
47.8322
40.4981
33.8694
27.9562
22.754
18.2448
14.3989
11.1767
8.53063
6.40682
4.74719
3.49123
2.57778
1.94671
1.54042
1.30521
1.19239
1.15921
1.16955
1.19427
1.21143
1.20604
1.16975
1.10012
0.99976
0.87527
0.736028
0.592931
0.45714
0.33889
0.246471
0.185433
0.15808
0.163316
0.196866
0.25188
0.319903
0.392177
0.461192
0.522396
0.575953
0.628415
0.694175
0.79657
0.968509
1.25253
1.70019
2.3708
3.32946
4.64442
6.38391
8.61257
11.3875
14.7544
18.7434
23.3661
28.6118
34.4456
40.8072
47.6096
54.7407
62.0644
69.4237
76.6448
83.5416
89.9219
95.5936
100.372
104.085
106.583
107.745
107.482
105.747
102.537
97.8948
91.9161
84.7461
76.5797
67.6589
58.2683
48.7292
39.3914
30.6238
22.8039
16.3055
11.4859
8.67245
8.14886
10.142
14.8095
22.2288
32.3877
45.1781
60.3923
77.7225
96.7645
117.025
137.935
158.861
179.132
198.053
214.94
229.14
240.066
247.218
250.218
248.827
242.968
232.739
218.424
200.491
179.584
156.509
132.207
107.724
84.1701
62.6746
44.3355
30.1681
21.0535
17.6893
20.546
29.8312
45.4641
67.0616
93.9391
125.125
159.394
195.306
231.272
265.62
296.673
322.837
342.683
355.031
359.026
354.201
340.523
318.427
288.82
253.066
212.946
170.596
128.424
89.0064
54.9742
28.8883
13.1133
9.69407
20.243
45.8427
86.9704
143.448
214.421
298.372
393.157
496.084
604.011
713.468
820.8
922.317
1014.46
1093.93
1157.87
1203.94
1230.48
1236.52
1221.87
1187.09
1133.51
1063.11
978.496
882.737
779.261
671.699
563.731
458.942
360.673
271.894
195.093
132.193
84.4898
52.6265
36.5899
35.7396
48.8616
74.2444
109.773
153.037
201.446
252.344
303.129
351.354
394.824
431.676
460.432
480.046
489.919
489.899
480.256
461.653
435.085
401.819
363.325
321.197
277.08
232.596
189.274
148.496
111.446
79.0734
52.069
30.8542
15.5823
6.15107
2.22555
3.26977
8.58438
17.349
28.6666
41.6084
55.2563
68.7425
81.2839
92.2099
100.984
107.216
110.673
111.274
109.082
104.295
97.2266
88.2798
77.9276
66.6844
55.081
43.6392
32.8487
23.1477
14.9057
8.41125
3.86377
1.36967
0.94269
2.50828
5.91146
10.9276
17.2753
24.6316
32.6469
40.9611
49.2184
57.082
64.2459
70.4458
75.467
79.15
81.394
82.1566
81.4527
79.3504
75.965
71.4521
65.999
59.8161
53.1273
46.1611
39.1421
32.2828
25.7769
19.7935
14.4728
9.9233
6.21973
3.40324
1.48221
0.434453
0.210299
0.736459
1.92048
3.65555
5.82547
8.30955
10.9873
13.7429
16.4686
19.0683
21.4595
23.5755
25.3658
26.7963
27.8492
28.5211
28.8217
28.772
28.4014
27.7457
26.8447
25.7401
24.4735
23.0854
21.6138
20.0943
18.5597
17.0413
15.5692
14.1742
12.8889
11.7494
10.7966
10.0773
9.64476
9.55904
9.88612
10.6969
12.0651
#7
1298.22
1350.87
1378.25
1379.73
1355.68
1307.41
1237.1
1147.64
1042.55
925.771
801.57
674.33
548.418
428.033
317.07
219.009
136.812
72.851
28.8562
5.88669
4.32555
23.8954
63.6947
122.252
197.592
287.321
388.711
498.798
614.475
732.592
850.049
963.874
1071.31
1169.88
1257.42
1332.18
1392.76
1438.23
1468.04
1482.07
1480.58
1464.19
1433.83
1390.71
1336.25
1272.04
1199.78
1121.23
1038.16
952.286
865.263
778.619
693.743
611.856
533.999
461.027
393.604
332.213
277.159
228.589
186.503
150.777
121.18
97.3936
79.0347
65.6699
56.8339
52.0441
50.8121
52.6547
57.1009
63.6983
72.0175
81.6541
92.2311
103.4
114.84
126.261
137.403
148.035
157.961
167.016
175.075
182.046
187.881
192.572
196.154
198.706
200.349
201.246
201.595
201.632
201.614
201.823
202.549
204.083
206.708
210.687
216.252
223.595
232.859
244.13
257.43
272.714
289.87
308.717
329.011
350.45
372.683
395.32
417.946
440.129
461.441
481.47
499.831
516.183
530.237
541.768
550.621
556.715
560.044
560.676
558.748
554.46
548.064
539.854
530.151
519.294
507.622
495.464
483.123
470.871
458.934
447.492
436.669
426.54
417.123
408.391
400.272
392.664
385.436
378.443
371.535
364.567
357.408
349.946
342.099
333.813
325.069
315.88
306.29
296.366
286.198
275.889
265.547
255.275
245.17
235.309
225.746
216.509
207.594
198.967
190.569
182.31
174.084
165.774
157.255
148.41
139.137
129.36
119.035
108.162
96.7886
85.0182
73.0099
60.9803
49.2018
37.9978
27.7368
18.8226
11.6846
6.76458
4.50317
5.32516
9.62408
17.7468
29.9783
46.5273
67.5129
92.953
122.754
156.705
194.469
235.587
279.475
325.432
372.646
420.21
467.139
512.386
554.874
593.517
627.256
655.088
676.102
689.516
694.706
691.242
678.914
657.757
628.066
590.411
545.628
494.82
439.329
380.712
320.693
261.118
203.888
150.898
103.959
64.7275
34.6268
14.7812
5.95228
8.48787
22.2863
46.7771
80.9227
123.24
171.846
224.524
278.807
332.088
381.732
425.207
460.215
484.816
497.552
497.548
484.591
459.189
422.587
376.754
324.333
268.547
213.081
161.919
119.166
88.8483
74.7002
79.9576
107.158
157.964
233.017
331.833
452.747
592.909
748.341
914.053
1084.21
1252.37
1411.71
1555.38
1676.8
1769.97
1829.82
1852.52
1835.69
1778.65
1682.55
1550.44
1387.26
1199.71
996.103
786.089
580.3
389.966
226.461
100.831
23.3071
2.83954
46.6539
159.869
345.183
602.651
929.561
1320.42
1767.06
2258.85
2783.02
3325.07
3869.29
4399.31
4898.72
5351.68
5743.51
6061.32
6294.45
6434.99
6478
6421.83
6268.12
6021.8
5690.88
5286.17
4820.83
4309.9
3769.7
3217.19
2669.33
2142.42
1651.52
1209.88
828.464
515.612
276.77
114.371
27.8424
13.7303
65.9477
176.121
334.025
528.077
745.881
974.774
1202.37
1417.09
1608.57
1768.1
1888.89
1966.27
1997.78
1983.21
1924.44
1825.28
1691.21
1529.06
1346.62
1152.24
954.499
761.733
581.738
421.433
286.605
181.714
109.76
72.2269
69.0869
98.8763
158.821
245.016
352.634
476.174
609.708
747.148
882.49
1010.05
1124.68
1221.94
#8
58.9194
62.2823
65.5226
68.6134
71.5287
74.2436
76.7347
78.9812
80.9647
82.67
84.0858
85.2044
86.0227
86.5416
86.7669
86.7085
86.3806
85.8014
84.9926
83.9791
82.7884
81.4498
79.9942
78.4531
76.8583
75.2412
73.6321
72.06
70.5522
69.1337
67.8273
66.6529
65.628
64.7672
64.0821
63.5816
63.2716
63.1549
63.2314
63.4981
63.9487
64.5737
65.3603
66.2925
67.3509
68.5127
69.7517
71.0389
72.3423
73.6274
74.8578
75.9961
77.0039
77.8434
78.4781
78.8734
78.9982
78.8256
78.3335
77.506
76.3336
74.8137
72.9509
70.7573
68.2516
65.4594
62.412
59.1455
55.7002
52.119
48.4462
44.7267
41.0042
37.3204
33.7141
30.2202
26.8691
23.6865
20.6933
17.9052
15.3334
12.9849
10.8627
8.96715
7.29569
5.84421
4.60736
3.57918
2.75353
2.12452
1.68676
1.43552
1.36687
1.47774
1.76595
2.23021
2.87022
3.68668
4.68143
5.85756
7.2196
8.77355
10.5271
12.4893
14.6707
17.083
19.738
22.6473
25.8208
29.2658
32.985
36.9751
41.2251
45.7148
50.4131
55.2772
60.2516
65.2688
70.2495
75.1042
79.736
84.0434
87.925
91.2835
94.0316
96.0974
97.43
98.0046
97.8273
96.9389
95.417
93.3767
90.9701
88.3823
85.8271
83.5391
81.765
80.7528
80.7398
81.94
84.5311
88.6426
94.3444
101.638
110.45
120.628
131.943
144.09
156.703
169.36
181.606
192.97
202.99
211.231
217.32
220.961
221.962
220.253
215.9
209.112
200.246
189.797
178.387
166.746
155.679
146.032
138.656
134.359
133.864
137.765
146.484
160.236
179.005
202.521
230.257
261.435
295.045
329.877
364.571
397.671
427.692
453.191
472.85
485.544
490.417
486.944
474.985
454.82
427.167
393.181
354.431
312.857
270.703
230.434
194.636
165.904
146.726
139.359
145.717
167.26
204.904
258.95
329.038
414.123
512.49
621.793
739.124
861.112
984.043
1104
1217.02
1319.24
1407.08
1477.37
1527.5
1555.53
1560.26
1541.33
1499.2
1435.16
1351.28
1250.3
1135.59
1010.94
880.441
748.341
618.839
495.942
383.304
284.093
200.872
135.514
89.1479
62.132
54.0665
63.8328
89.6649
129.244
179.812
238.307
301.493
366.107
428.991
487.216
538.198
579.784
610.324
628.716
634.42
627.46
608.39
578.245
538.476
490.861
437.423
380.324
321.774
263.931
208.819
158.246
113.745
76.5206
47.4223
26.925
15.1316
11.7895
16.3204
27.8629
45.3232
67.4336
92.8141
120.035
147.678
174.393
198.952
220.286
237.525
250.02
257.355
259.352
256.063
247.758
234.897
218.104
198.132
175.826
152.08
127.807
103.893
81.1686
60.3805
42.1636
27.0253
15.3328
7.30735
3.02426
2.41932
5.29952
11.3585
20.195
31.3343
44.2498
58.3866
73.1831
88.0916
102.597
116.234
128.596
139.349
148.233
155.07
159.757
162.268
162.643
160.985
157.447
152.223
145.539
137.639
128.778
119.213
109.19
98.9446
88.6908
78.6193
68.895
59.6552
51.0094
43.0408
35.8071
29.3437
23.6657
18.7712
14.6441
11.2573
8.57545
6.55723
5.15795
4.33124
4.03066
4.21084
4.82842
5.84257
7.21535
8.91178
10.8998
13.15
15.6353
18.3308
21.2128
24.2592
27.4483
30.7587
34.1691
37.6576
41.202
44.779
48.3646
51.9339
55.461
#9
472.265
613.691
760.868
908.454
1051.23
1184.26
1303.11
1403.94
1483.62
1539.86
1571.18
1577.01
1557.61
1514.04
1448.13
1362.36
1259.72
1143.68
1017.96
886.483
753.182
621.922
496.362
379.857
275.374
185.415
111.966
56.4607
19.7649
2.17518
3.43672
22.7757
58.9448
110.28
174.767
250.114
333.825
423.284
515.83
608.83
699.757
786.245
866.156
937.621
999.08
1049.31
1087.45
1112.99
1125.79
1126.04
1114.25
1091.25
1058.09
1016.05
966.561
911.189
851.554
789.295
726.022
663.273
602.472
544.899
491.664
443.683
401.666
366.115
337.321
315.372
300.166
291.431
288.743
291.555
299.219
311.017
326.186
343.944
363.516
384.152
405.149
425.862
445.722
464.237
481.001
495.693
508.08
518.008
525.398
530.242
532.589
532.541
530.241
525.863
519.606
511.682
502.311
491.715
480.109
467.697
454.671
441.205
427.455
413.554
399.619
385.744
372.005
358.46
345.152
332.11
319.354
306.895
294.74
282.893
271.363
260.159
249.298
238.808
228.724
219.095
209.98
201.452
193.593
186.496
180.259
174.987
170.783
167.749
165.978
165.552
166.537
168.982
172.911
178.321
185.186
193.446
203.019
213.791
225.627
238.367
251.839
265.855
280.223
294.748
309.244
323.532
337.453
350.866
363.652
375.721
387.007
397.47
407.093
415.882
423.856
431.048
437.494
443.234
448.3
452.712
456.48
459.59
462.013
463.694
464.561
464.523
463.472
461.292
457.86
453.054
446.76
438.876
429.322
418.041
405.007
390.23
373.756
355.671
336.102
315.215
293.219
270.356
246.907
223.184
199.525
176.292
153.866
132.639
113.009
95.373
80.1198
67.6208
58.2221
52.2348
49.9252
51.5053
57.1228
66.852
80.6852
98.5257
120.182
145.366
173.688
204.667
237.726
272.21
307.391
342.49
376.69
409.159
439.076
465.652
488.157
505.945
518.478
525.35
526.3
521.237
510.239
493.57
471.669
445.154
414.8
381.527
346.373
310.463
274.979
241.118
210.051
182.888
160.626
144.12
134.035
130.825
134.695
145.593
163.193
186.896
215.841
248.928
284.846
322.115
359.142
394.277
425.883
452.403
472.436
484.806
488.631
483.381
468.925
445.569
414.069
375.633
331.898
284.885
236.936
190.629
148.674
113.796
88.6089
75.4813
76.4056
92.8735
125.766
175.263
240.781
320.942
413.582
515.788
623.992
734.089
841.6
941.862
1030.25
1102.39
1154.43
1183.23
1186.61
1163.52
1114.17
1040.14
944.408
831.321
706.481
576.595
449.236
332.561
234.973
164.76
129.711
136.729
191.471
298.017
458.595
673.374
940.341
1255.27
1611.78
2001.52
2414.37
2838.84
3262.47
3672.26
4055.22
4398.86
4691.71
4923.79
5087.02
5175.61
5186.24
5118.27
4973.78
4757.47
4476.46
4140.07
3759.38
3346.81
2915.62
2479.38
2051.4
1644.29
1269.39
936.437
653.17
425.116
255.436
144.884
91.8739
92.6379
141.475
231.072
352.885
497.555
655.342
816.564
972.002
1113.28
1233.2
1325.97
1387.41
1415.05
1408.17
1367.71
1296.2
1197.53
1076.76
939.81
793.169
643.597
497.816
362.214
242.591
143.928
70.2095
24.2941
7.83405
21.252
63.7669
133.467
227.426
341.852
#10
79.4394
86.4196
93.4566
100.561
107.748
115.033
122.43
129.951
137.599
145.374
153.262
161.243
169.283
177.339
185.354
193.264
200.995
208.466
215.59
222.28
228.447
234.006
238.876
242.986
246.276
248.698
250.218
250.819
250.503
249.286
247.204
244.309
240.669
236.366
231.494
226.156
220.463
214.529
208.472
202.406
196.44
190.677
185.211
180.123
175.481
171.338
167.732
164.683
162.197
160.264
158.859
157.943
157.465
157.367
157.579
158.027
158.636
159.324
160.016
160.633
161.106
161.368
161.359
161.029
160.332
159.233
157.704
155.727
153.29
150.386
147.017
143.19
138.917
134.213
129.097
123.593
117.727
111.529
105.03
98.2683
91.2835
84.1206
76.8296
69.4657
62.0899
54.7689
47.5754
40.5874
33.8877
27.5628
21.7021
16.3953
11.7316
7.79636
4.66977
2.4237
1.11955
0.805745
1.51568
3.2658
6.05419
9.85963
14.6412
20.3384
26.8722
34.1462
42.0489
50.456
59.2335
68.2407
77.334
86.3701
95.2091
103.718
111.774
119.265
126.092
132.173
137.438
141.835
145.324
147.88
149.49
150.15
149.866
148.652
146.527
143.515
139.644
134.949
129.468
123.245
116.334
108.796
100.708
92.1566
83.2475
74.1033
64.8656
55.6948
46.7694
38.2834
30.4434
23.4631
17.5569
12.9326
9.7826
8.27389
8.53853
10.6635
14.6814
20.5623
28.2071
37.4438
48.026
59.6356
71.8887
84.3453
96.5235
107.917
118.017
126.334
132.424
135.914
136.527
134.105
128.626
120.223
109.185
95.9618
81.1557
65.5034
49.852
35.1258
22.2868
12.2886
6.02814
4.29515
7.72358
16.7469
31.5601
52.0915
77.9853
108.599
143.013
180.058
218.356
256.373
292.489
325.07
352.549
373.512
386.779
391.473
387.091
373.549
351.217
320.925
283.958
242.021
197.182
151.802
108.437
69.7332
38.3145
16.6592
6.98364
11.1313
30.4743
65.8332
117.418
184.795
266.878
361.957
467.739
581.43
699.832
819.461
936.679
1047.83
1149.39
1238.1
1311.09
1366
1401.05
1415.14
1407.87
1379.54
1331.16
1264.39
1181.47
1085.11
978.426
864.774
747.641
630.511
516.738
409.423
311.318
224.732
151.468
92.7749
49.3291
21.2346
8.04639
8.81431
22.1436
46.2701
79.1459
118.531
162.088
207.476
252.438
294.885
332.959
365.099
390.075
407.023
415.452
415.245
406.64
390.202
366.782
337.47
303.537
266.379
227.455
188.226
150.099
114.374
82.2025
54.5437
32.1411
15.5016
4.88702
0.314847
1.56834
8.21522
19.6338
35.0452
53.5502
74.1697
95.8855
117.682
138.586
157.704
174.249
187.575
197.189
202.771
204.173
201.424
194.717
184.4
170.951
154.957
137.086
118.059
98.6183
79.4962
61.3898
44.9337
30.678
19.0707
10.4447
5.00959
2.84897
3.92283
8.07429
15.0408
24.4687
35.9306
48.9445
62.9943
77.55
92.0877
106.108
119.151
130.813
140.755
148.711
154.493
157.991
159.174
158.083
154.829
149.577
142.545
133.987
124.186
113.442
102.06
90.3425
78.5805
67.0449
55.9821
45.6081
36.1062
27.6247
20.2767
14.14
9.25934
5.64829
3.29228
2.15211
2.16771
3.26209
5.34535
8.31871
12.0783
16.5187
21.5363
27.0323
32.9149
39.1017
45.521
52.1129
58.83
65.6371
72.511
#11
341.555
305.601
290.589
297.044
324.508
371.588
436.056
514.971
604.834
701.762
801.665
900.427
994.084
1078.98
1151.89
1210.18
1251.83
1275.52
1280.64
1267.29
1236.26
1188.92
1127.17
1053.36
970.141
880.38
787.035
693.044
601.224
514.179
434.219
363.301
302.983
254.396
218.234
194.763
183.834
184.926
197.181
219.464
250.415
288.51
332.126
379.596
429.267
479.552
528.969
576.185
620.038
659.56
693.991
722.778
745.578
762.242
772.807
777.471
776.574
770.568
759.999
745.474
727.637
707.148
684.658
660.793
636.136
611.215
586.495
562.37
539.163
517.123
496.43
477.199
459.484
443.291
428.581
415.282
403.297
392.513
382.81
374.066
366.164
358.998
352.477
346.528
341.095
336.142
331.654
327.63
324.089
321.06
318.582
316.702
315.469
314.929
315.127
316.097
317.863
320.435
323.804
327.944
332.81
338.334
344.429
350.986
357.881
364.97
372.098
379.1
385.806
392.046
397.654
402.476
406.373
409.227
410.949
411.476
410.784
408.882
405.818
401.677
396.579
390.676
384.15
377.199
370.039
362.89
355.967
349.473
343.589
338.464
334.208
330.888
328.52
327.068
326.444
326.509
327.081
327.939
328.832
329.494
329.653
329.048
327.438
324.624
320.453
314.838
307.758
299.274
289.526
278.736
267.201
255.29
243.428
232.087
221.762
212.961
206.173
201.857
200.415
202.173
207.366
216.121
228.448
244.231
263.23
285.082
309.31
335.336
362.499
390.078
417.314
443.438
467.695
489.379
507.849
522.561
533.083
539.113
540.49
537.201
529.378
517.296
501.363
482.101
460.134
436.156
410.916
385.186
359.737
335.318
312.624
292.286
274.846
260.75
250.336
243.83
241.348
242.895
248.377
257.609
270.326
286.196
304.836
325.821
348.703
373.017
398.291
424.057
449.854
475.231
499.754
522.997
544.553
564.025
581.031
595.202
606.186
613.653
617.298
616.851
612.089
602.847
589.033
570.642
547.771
520.633
489.572
455.066
417.737
378.35
337.805
297.126
257.442
219.958
185.92
156.582
133.153
116.754
108.362
108.766
118.513
137.867
166.775
204.84
251.305
305.057
364.64
428.287
493.968
559.452
622.384
680.374
731.091
772.367
802.299
819.341
822.399
810.899
784.848
744.862
692.178
628.632
556.611
478.978
398.969
320.063
245.844
179.84
125.357
85.3212
62.1195
57.467
72.2914
106.652
159.696
229.651
313.87
408.911
510.665
614.523
715.575
808.835
889.48
953.102
995.949
1015.15
1008.9
976.653
919.175
838.64
738.599
623.907
500.58
375.595
256.632
151.768
69.1402
16.5879
1.28778
29.4032
105.76
233.565
414.187
647.003
929.328
1256.43
1621.63
2016.5
2431.11
2854.4
3274.56
3679.46
4057.14
4396.24
4686.47
4919.02
5086.9
5185.23
5211.42
5165.29
5049.07
4867.28
4626.57
4335.42
4003.77
3642.66
3263.73
2878.8
2499.34
2136.12
1798.71
1495.23
1232.03
1013.53
842.105
718.133
640.031
604.454
606.525
640.145
698.324
773.554
858.18
944.762
1026.41
1097.07
1151.78
1186.83
1199.86
1189.94
1157.48
1104.17
1032.84
947.214
851.723
751.224
650.745
555.224
469.267
396.934
#12
16.807
16.5081
16.4633
16.6488
17.0437
17.6302
18.3935
19.3222
20.4079
21.6453
23.0315
24.566
26.2501
28.0866
30.0792
32.2321
34.5497
37.0358
39.6934
42.5241
45.5279
48.7031
52.0453
55.5479
59.2016
62.9943
66.9111
70.9345
75.0443
79.2177
83.4299
87.6543
91.8627
96.0257
100.114
104.097
107.946
111.633
115.131
118.415
121.465
124.261
126.788
129.034
130.991
132.655
134.027
135.108
135.907
136.432
136.695
136.711
136.493
136.059
135.424
134.604
133.612
132.462
131.166
129.733
128.169
126.481
124.671
122.741
120.692
118.523
116.233
113.821
111.288
108.634
105.863
102.979
99.9878
96.8997
93.7257
90.4794
87.1761
83.8333
80.4695
77.1041
73.7571
70.4486
67.198
64.0245
60.9458
57.9785
55.138
52.4378
49.8904
47.5065
45.2952
43.2647
41.4214
39.7704
38.3156
37.059
36.0013
35.1409
34.4743
33.9955
33.696
33.5644
33.5868
33.7465
34.0243
34.3993
34.849
35.3504
35.8807
36.4188
36.9457
37.446
37.9092
38.3299
38.7089
39.0537
39.378
39.7022
40.0518
40.4571
40.9512
41.5685
42.3424
43.3034
44.4766
45.8794
47.5196
49.3937
51.485
53.7631
56.1837
58.6883
61.2059
63.6539
65.9413
67.9709
69.6434
70.8609
71.5316
71.5739
70.9208
69.5244
67.3594
64.4263
60.7543
56.4022
51.4593
46.0444
40.3039
34.4085
28.5485
22.9281
17.7586
13.2507
9.60622
7.00926
5.61798
5.55617
6.90599
9.70177
13.9254
19.5036
26.3075
34.1543
42.8119
52.0055
61.4273
70.7473
79.627
87.7337
94.756
100.419
104.499
106.836
107.348
106.037
102.992
98.3948
92.5158
85.7044
78.3794
71.0128
64.1107
58.1912
53.7599
51.2856
51.1748
53.748
59.2197
67.68
79.0837
93.2425
109.826
128.369
148.282
168.879
189.397
209.032
226.976
242.456
254.772
263.342
267.73
267.688
263.175
254.376
241.712
225.838
207.626
188.148
168.637
150.445
134.992
123.706
117.965
119.032
127.994
145.705
172.734
209.327
255.373
310.395
373.542
443.606
519.051
598.055
678.568
758.381
835.2
906.729
970.755
1025.23
1068.36
1098.65
1114.99
1116.69
1103.53
1075.73
1033.99
979.437
913.612
838.398
755.958
668.654
578.966
489.4
402.397
320.25
245.022
178.478
122.027
76.6788
43.022
21.2106
10.974
11.6407
22.1778
41.2432
67.2482
98.4284
132.919
168.832
204.329
237.697
267.403
292.156
310.942
323.054
328.108
326.042
317.105
301.831
281.003
255.611
226.797
195.801
163.907
132.382
102.425
75.121
51.396
31.9888
17.4263
8.01154
3.82077
4.71104
10.3363
20.1715
33.543
49.6642
67.6737
86.6747
105.775
124.121
140.937
155.547
167.401
176.091
181.357
183.095
181.35
176.305
168.267
157.648
144.944
130.706
115.518
99.9706
84.6395
70.0601
56.7114
45.0002
35.25
27.6937
22.4707
19.6279
19.1239
20.8368
24.5741
30.085
37.0735
45.2124
54.1576
63.5612
73.0844
82.4079
91.2418
99.3328
106.469
112.485
117.261
120.724
122.845
123.635
123.143
121.449
118.659
114.898
110.305
105.027
99.2157
93.0189
86.58
80.0329
73.5
67.0898
60.8962
54.9974
49.4563
44.3206
39.624
35.387
31.6185
28.3172
25.4734
23.0707
21.0872
19.4973
18.2732
17.3861
#13
290.413
288.811
277.299
256.966
229.397
196.552
160.637
123.978
88.8911
57.5687
31.9716
13.7429
4.13939
3.98331
13.6369
32.9973
61.5126
98.2159
141.776
190.563
242.722
296.252
349.1
399.237
444.747
483.904
515.235
537.582
550.142
552.499
544.633
526.923
500.125
465.343
423.982
377.691
328.299
277.74
227.983
180.947
138.438
102.071
73.217
52.9465
41.9966
40.7434
49.1928
66.984
93.4084
127.441
167.783
212.915
261.159
310.742
359.862
406.761
449.784
487.439
518.448
541.79
556.727
562.831
559.981
548.367
528.467
501.027
467.021
427.613
384.106
337.898
290.423
243.111
197.332
154.357
115.325
81.2049
52.7812
30.6346
15.1373
6.45359
4.54773
9.19829
20.0173
36.4739
57.92
83.6192
112.774
144.556
178.13
212.679
247.429
281.662
314.737
346.095
375.272
401.903
425.719
446.55
464.32
479.04
490.8
499.761
506.146
510.228
512.317
512.753
511.893
510.1
507.73
505.127
502.611
500.469
498.949
498.252
498.528
499.87
502.315
505.841
510.366
515.754
521.815
528.316
534.982
541.508
547.569
552.831
556.958
559.628
560.542
559.437
556.093
550.342
542.077
531.254
517.899
502.103
484.023
463.88
441.948
418.548
394.036
368.796
343.221
317.706
292.634
268.364
245.222
223.49
203.404
185.147
168.853
154.6
142.424
132.321
124.253
118.164
113.99
111.664
111.137
112.377
115.386
120.2
126.894
135.579
146.403
159.54
175.182
193.525
214.758
239.041
266.496
297.183
331.092
368.123
408.082
450.668
495.473
541.984
589.586
637.572
685.159
731.504
775.724
816.921
854.207
886.728
913.69
934.383
948.203
954.674
953.461
944.384
927.426
902.737
870.634
831.597
786.259
735.393
679.899
620.785
559.146
496.146
432.99
370.907
311.129
254.862
203.273
157.468
118.475
87.226
64.5437
51.1273
47.5401
54.198
71.3589
99.113
137.374
185.87
244.137
311.516
387.142
469.951
558.675
651.85
747.827
844.789
940.768
1033.68
1121.37
1201.62
1272.27
1331.2
1376.45
1406.29
1419.24
1414.22
1390.56
1348.08
1287.19
1208.86
1114.69
1006.91
888.349
762.422
633.03
504.481
381.372
268.445
170.427
91.855
36.8953
9.16038
11.5335
46.009
113.557
214.019
346.043
507.064
693.333
899.994
1121.22
1350.38
1580.29
1803.43
2012.26
2199.5
2358.45
2483.25
2569.19
2612.86
2612.43
2567.63
2479.94
2352.43
2189.76
1997.94
1784.14
1556.35
1323.09
1093
874.493
675.382
502.508
361.45
256.268
189.325
161.178
170.564
214.468
288.277
386.013
500.634
624.389
749.212
867.126
970.659
1053.23
1109.48
1135.58
1129.45
1090.84
1021.42
924.724
805.947
671.767
530.012
389.291
258.589
146.824
62.4145
12.8598
4.36064
41.4972
126.981
261.489
443.594
669.792
934.615
1230.85
1549.82
1881.73
2216.09
2542.14
2849.27
3127.48
3367.74
3562.41
3705.46
3792.71
3821.98
3793.09
3707.88
3570.02
3384.84
3159.1
2900.6
2617.91
2319.98
2015.76
1713.89
1422.34
1148.19
897.383
674.556
482.969
324.464
199.502
107.245
45.7031
11.9077
2.12087
12.0616
37.1374
72.673
114.124
157.267
198.364
234.283
262.593
281.611
