#1
1489.41
1426.54
1363.28
1300.37
1238.48
1178.19
1119.99
1064.26
1011.26
961.134
913.938
869.619
828.054
789.07
752.475
718.087
685.776
655.496
627.324
601.493
578.416
558.708
543.194
532.9
529.044
532.996
546.233
570.274
606.608
656.603
721.411
801.87
898.406
1010.94
1138.82
1280.73
1434.68
1598.01
1767.35
1938.76
2107.76
2269.5
2418.92
2550.92
2660.63
2743.6
2796.06
2815.15
2799.14
2747.61
2661.61
2543.73
2398.14
2230.54
2048.04
1859
1672.71
1499.11
1348.38
1230.5
1154.84
1129.65
1161.66
1255.65
1414.17
1637.18
1922
2263.18
2652.64
3079.81
3532.01
3994.83
4452.72
4889.55
5289.3
5636.75
5918.13
6121.76
6238.6
6262.73
6191.63
6026.41
5771.77
5435.88
5030.1
4568.47
4067.18
3543.87
3016.84
2504.35
2023.74
1590.78
1218.96
918.931
698.137
560.508
506.386
532.589
632.644
797.166
1014.36
1270.63
1551.24
1841.02
2125.07
2389.44
2621.68
2811.39
2950.63
3034.11
3059.41
3026.91
2939.69
2803.27
2625.24
2414.87
2182.59
1939.5
1696.84
1465.48
1255.49
1075.72
933.472
834.279
781.735
777.437
821.012
910.218
1041.13
1208.35
1405.32
1624.62
1858.26
2098.05
2335.9
2564.09
2775.57
2964.12
3124.56
3252.87
3346.25
3403.12
3423.17
3407.22
3357.17
3275.85
3166.91
3034.6
2883.65
2719.06
2545.96
2369.43
2194.38
2025.4
1866.64
1721.75
1593.82
1485.28
1397.96
1333
1290.93
1271.67
1274.58
1298.52
1341.89
1402.73
1478.78
1567.53
1666.32
1772.43
1883.08
1995.56
2107.24
2215.66
2318.52
2413.78
2499.62
2574.52
2637.25
2686.85
2722.7
2744.44
2752.02
2745.66
2725.83
2693.24
2648.81
2593.66
2529.03
2456.33
2377.04
2292.72
2204.94
2115.3
2025.36
1936.64
1850.56
1768.44
1691.48
1620.73
1557.08
1501.24
1453.73
1414.9
1384.88
1363.63
1350.91
1346.33
1349.32
1359.16
1375.02
1395.95
1420.94
1448.93
1478.82
1509.52
1540.01
1569.29
1596.47
1620.78
1641.58
1658.4
1670.93
1679.04
1682.76
1682.34
1678.17
1670.78
1660.87
1649.21
1636.65
1624.08
1612.38
1602.39
1594.86
1590.43
1589.55
1592.53
1599.44
1610.13
1624.22
1641.11
1659.97
1679.8
1699.42
1717.55
1732.83
1743.89
1749.38
1748.07
1738.85
1720.8
1693.27
1655.84
1608.4
1551.14
1484.56
1409.45
1326.88
1238.15
1144.77
1048.39
950.76
853.688
758.961
668.305
583.335
505.516
436.118
376.2
326.585
287.849
260.326
244.111
239.071
244.872
260.995
286.771
321.402
364
413.607
469.229
529.857
594.494
662.166
731.943
802.946
874.356
945.416
1015.43
1083.77
1149.87
1213.18
1273.25
1329.62
1381.9
1429.72
1472.72
1510.58
1543.02
1569.77
1590.61
1605.36
1613.9
1616.17
1612.19
1602.06
1585.99
1564.27
1537.32
1505.65
1469.89
1430.77
1389.11
1345.8
1301.8
1258.12
1215.78
1175.78
1139.13
1106.74
1079.48
1058.08
1043.19
1035.3
1034.74
1041.7
1056.21
1078.12
1107.12
1142.77
1184.46
1231.49
1283.02
1338.13
1395.83
1455.1
1514.86
1574.06
1631.62
1686.55
1737.87
1784.69
1826.2
1861.68
1890.53
1912.25
1926.49
1933.01
1931.7
1922.59
1905.82
1881.68
1850.55
1812.95
1769.45
1720.75
1667.59
1610.76
1551.09
#2
1844.61
1848.78
1826.66
1779.06
1707.58
1614.53
1502.89
1376.17
1238.25
1093.27
945.451
798.936
657.662
525.205
404.668
298.584
208.84
136.639
82.4805
46.1783
26.898
23.2244
33.2471
54.664
84.8955
121.206
160.824
201.063
239.427
273.71
302.068
323.085
335.805
339.752
334.92
321.752
301.09
274.117
242.284
207.231
170.697
134.439
100.144
69.3572
43.4141
23.3862
10.0424
3.82437
4.83866
12.8632
27.3692
47.5552
72.3925
100.678
131.095
162.271
192.844
221.518
247.116
268.628
285.246
296.391
301.728
301.169
294.869
283.207
266.76
246.27
222.609
196.733
169.641
142.332
115.763
90.8143
68.2582
48.7329
32.7257
20.5623
12.4042
8.25251
7.95843
11.2393
17.6988
26.8509
38.1449
50.9924
64.7922
78.955
92.9251
106.199
118.338
128.983
137.858
144.772
149.62
152.376
153.087
151.865
148.871
144.307
138.405
131.41
123.574
115.143
106.351
97.411
88.5133
79.8192
71.4614
63.5431
56.14
49.3017
43.0549
37.4066
32.3478
27.8569
23.903
20.4489
17.4539
14.8754
12.6713
10.8007
9.22492
7.90783
6.81633
5.92032
5.19277
4.60976
4.15055
3.7978
3.53789
3.36141
3.26367
3.24544
3.3136
3.48187
3.77142
4.21135
4.83899
5.69992
6.84773
8.3434
10.2543
12.653
15.6155
19.2192
23.5406
28.6532
34.624
41.5118
49.3638
58.2131
68.0766
78.9527
90.8197
103.634
117.332
131.824
147.002
162.737
178.88
195.267
211.718
228.045
244.053
259.544
274.323
288.2
300.995
312.543
322.698
331.333
338.347
343.664
347.237
349.047
349.103
347.443
344.133
339.261
332.94
325.301
316.492
306.673
296.011
284.68
272.853
260.702
248.391
236.075
223.897
211.988
200.461
189.413
178.926
169.063
159.871
151.382
143.615
136.576
130.262
124.658
119.747
115.505
111.906
108.921
106.523
104.684
103.374
102.567
102.235
102.348
102.874
103.779
105.02
106.552
108.32
110.259
112.299
114.357
116.344
118.163
119.711
120.884
121.578
121.69
121.13
119.817
117.688
114.7
110.836
106.107
100.556
94.2565
87.3178
79.8813
72.1199
64.235
56.4516
49.0131
42.1746
36.195
31.3286
27.8162
25.8759
25.6944
27.4178
31.1441
36.9166
44.718
54.4673
66.0177
79.1567
93.6091
109.041
125.069
141.266
157.176
172.325
186.235
198.444
208.518
216.067
220.765
222.362
220.698
215.714
207.459
196.098
181.911
165.291
146.735
126.836
106.264
85.7484
66.0547
47.9572
32.2122
19.528
10.536
5.76204
5.601
10.294
19.9109
34.3382
53.2742
76.2301
102.541
131.381
161.793
192.713
223.018
251.559
277.214
298.933
315.785
327.003
332.022
330.513
322.409
307.917
287.523
261.984
232.304
199.708
165.591
131.472
98.93
69.5399
44.8029
26.0788
14.5211
11.0183
16.1436
30.1174
52.783
83.5977
121.641
165.639
214.007
264.906
316.312
366.102
412.138
452.37
484.924
508.196
520.941
522.339
512.056
490.283
457.755
415.744
366.034
310.868
252.878
194.989
140.314
92.0298
53.2502
26.892
15.5478
21.3651
45.9401
90.2303
154.49
238.233
340.222
458.492
590.4
732.705
881.673
1033.2
1182.98
1326.6
1459.79
1578.5
1679.1
1758.49
1814.22
#3
592.288
590.329
580.762
563.701
539.482
508.661
472.001
430.459
385.161
337.372
288.459
239.849
192.981
149.261
110.007
76.4051
49.4596
29.9536
18.4131
15.0801
19.896
32.4949
52.2096
78.0897
108.932
143.321
179.685
216.353
251.627
283.853
311.496
333.21
347.908
354.819
353.535
344.043
326.742
302.437
272.317
237.916
201.046
163.723
128.076
96.2395
70.2484
51.9274
42.7857
43.9216
55.9426
78.9057
112.283
154.956
205.237
260.928
319.407
377.738
432.819
481.533
520.929
548.394
561.829
559.815
541.751
507.968
459.805
399.638
330.868
257.845
185.755
120.449
68.2282
35.5919
28.957
54.3592
117.149
221.697
371.121
567.051
809.445
1096.46
1424.4
1787.74
2179.21
2590.02
3010.03
3428.19
3832.8
4212.02
4554.26
4848.65
5085.5
5256.68
5355.99
5379.44
5325.46
5195.04
4991.68
4721.38
4392.39
4014.93
3600.87
3163.22
2715.71
2272.21
1846.26
1450.5
1096.24
793.026
548.271
367.034
251.844
202.653
216.891
289.629
413.832
580.692
780.039
1000.79
1231.43
1460.51
1677.09
1871.2
2034.25
2159.3
2241.31
2277.3
2266.42
2209.89
2110.89
1974.33
1806.65
1615.42
1409
1196.17
985.747
786.161
605.152
449.442
324.488
234.286
181.257
166.189
188.261
245.129
333.073
447.202
581.692
730.061
885.459
1040.97
1189.87
1325.96
1443.73
1538.59
1607.03
1646.74
1656.6
1636.75
1588.48
1514.19
1417.19
1301.6
1172.08
1033.7
891.644
751.083
616.913
493.6
385.028
294.371
224.009
175.472
149.427
145.698
163.314
200.588
255.221
324.419
405.021
493.639
586.788
681.02
773.037
859.801
938.615
1007.2
1063.72
1106.84
1135.72
1149.99
1149.74
1135.48
1108.08
1068.73
1018.84
960.033
894.018
822.575
747.48
670.455
593.129
517.002
443.416
373.538
308.347
248.632
194.99
147.84
107.427
73.8422
47.0406
26.8579
13.0323
5.22378
3.03388
6.02362
13.7303
25.6822
41.4113
60.4644
82.4107
106.849
133.412
161.769
191.625
222.725
254.847
287.803
321.435
355.608
390.213
425.153
460.349
495.725
531.214
566.746
602.251
637.65
672.859
707.783
742.314
776.334
809.711
842.302
873.952
904.496
933.761
961.565
987.724
1012.05
1034.36
1054.46
1072.19
1087.37
1099.83
1109.45
1116.07
1119.61
1119.95
1117.04
1110.83
1101.29
1088.42
1072.27
1052.9
1030.38
1004.86
976.468
945.399
911.863
876.099
838.376
798.986
758.242
716.476
674.031
631.259
588.514
546.147
504.498
463.889
424.621
386.967
351.166
317.42
285.889
256.695
229.914
205.582
183.698
164.224
147.089
132.201
119.444
108.691
99.8051
92.6497
87.0887
82.9935
80.2445
78.7336
78.3638
79.0489
80.7115
83.2798
86.6845
90.8549
95.714
101.175
107.139
113.49
120.094
126.799
133.435
139.816
145.743
151.01
155.407
158.731
160.788
161.406
160.438
157.776
153.354
147.154
139.219
129.646
118.599
106.305
93.0542
79.195
65.1318
51.3153
38.234
26.4022
16.3469
8.59295
3.64756
1.98319
4.02097
10.114
20.5315
35.4442
54.9121
78.8741
107.141
139.391
175.172
213.904
254.888
297.319
340.303
382.877
424.037
462.761
498.039
528.908
554.479
573.97
586.735
#4
565.368
714.27
869.413
1025.98
1179.05
1323.78
1455.57
1570.26
1664.29
1734.8
1779.74
1797.93
1789.12
1753.93
1693.83
1611.09
1508.62
1389.89
1258.77
1119.35
975.797
832.221
692.486
560.103
438.107
328.979
234.576
156.103
94.1098
48.5079
18.622
3.25575
0.7775
9.21787
26.375
49.9225
77.5154
106.889
135.949
162.844
186.029
204.304
216.838
223.176
223.231
217.25
205.782
189.628
169.778
147.356
123.556
99.5791
76.577
55.6022
37.5647
23.1988
13.0398
7.41165
6.42375
9.97844
17.7863
29.3888
44.187
61.4742
80.4705
100.359
120.321
139.569
157.374
173.096
186.199
196.268
203.02
206.305
206.106
202.532
195.81
186.267
174.312
160.423
145.121
128.951
112.46
96.1807
80.6097
66.194
53.3169
42.2877
33.3343
26.5992
22.1388
19.9252
19.8516
21.7399
25.3509
30.3959
36.5495
43.464
50.783
58.1553
65.2476
71.7564
77.4178
82.015
85.3844
87.4184
88.0662
87.3326
85.2736
81.9915
77.6274
72.3528
66.361
59.8575
53.0512
46.1458
39.332
32.7815
26.6414
21.0313
16.0408
11.7292
8.12665
5.2358
3.03536
1.48382
0.523937
0.087376
0.0994509
0.483616
1.1656
2.07701
3.15833
4.36122
5.65015
7.00323
8.41251
9.88358
11.4347
13.0952
14.9042
16.9081
19.1583
21.7093
24.6155
27.9293
31.6985
35.9638
40.7569
46.0986
51.9971
58.4469
65.428
72.9054
80.8288
89.1338
97.7422
106.564
115.498
124.437
133.266
141.869
150.13
157.936
165.181
171.767
177.609
182.638
186.798
190.052
192.384
193.793
194.3
193.944
192.779
190.877
188.32
185.203
181.628
177.701
173.532
169.229
164.896
160.634
156.532
152.674
149.131
145.964
143.221
140.942
139.155
137.878
137.123
136.893
137.188
138.002
139.328
141.157
143.478
146.28
149.553
153.283
157.458
162.062
167.076
172.476
178.235
184.316
190.677
197.266
204.021
210.874
217.744
224.543
231.174
237.532
243.507
248.984
253.844
257.968
261.237
263.535
264.751
264.783
263.536
260.932
256.905
251.408
244.418
235.933
225.981
214.618
201.937
188.062
173.158
157.428
141.114
124.497
107.893
91.6543
76.1608
61.815
49.0349
38.2438
29.8609
24.2886
21.9007
23.029
27.9508
36.8757
49.9342
67.1676
88.5193
113.829
142.828
175.143
210.293
247.703
286.708
326.567
366.485
405.623
443.125
478.139
509.84
537.451
560.271
577.69
589.212
594.473
593.249
585.47
571.225
550.761
524.48
492.935
456.814
416.928
374.187
329.584
284.168
239.017
195.21
153.802
115.793
82.1056
53.5527
30.8202
14.4437
4.79126
2.05029
6.21773
17.0955
34.2905
57.2206
85.1249
117.081
152.025
188.781
226.092
262.657
297.167
328.353
355.027
376.126
390.756
398.231
398.109
390.22
374.689
351.946
322.729
288.072
249.285
207.914
165.701
124.523
86.3241
53.0442
26.5381
8.49529
0.360937
3.26159
17.9398
44.7006
83.3738
133.293
193.297
261.749
336.581
415.357
495.359
573.683
647.359
713.468
769.276
812.353
840.695
852.833
847.911
825.76
786.931
732.703
665.057
586.627
500.607
410.645
320.701
234.897
157.346
91.987
42.4126
11.7131
2.33582
15.969
53.4546
114.736
198.841
303.905
427.227
#5
461.232
496.499
529.233
558.494
583.377
603.051
616.784
623.981
624.208
617.22
602.982
581.68
553.736
519.8
480.748
437.663
391.807
344.59
297.528
252.192
210.155
172.934
141.933
118.383
103.287
97.374
101.055
114.398
137.105
168.517
207.62
253.078
303.276
356.375
410.388
463.256
512.938
557.501
595.208
624.599
644.572
654.433
653.946
643.348
623.354
595.124
560.222
520.543
478.22
435.522
394.734
358.037
327.387
304.398
290.244
285.577
290.473
304.407
326.256
354.344
386.515
420.237
452.74
481.169
502.761
515.023
515.91
503.999
478.633
440.046
389.447
329.059
262.119
192.818
126.193
67.9778
24.3954
1.92506
7.03318
45.8877
124.066
246.266
416.043
635.568
905.44
1224.54
1589.97
1997.02
2439.27
2908.66
3395.79
3890.08
4380.19
4854.31
5300.58
5707.53
6064.41
6361.65
6591.16
6746.66
6823.92
6820.89
6737.85
6577.34
6344.14
6045.07
5688.75
5285.31
4846.01
4382.85
3908.16
3434.12
2972.42
2533.81
2127.76
1762.21
1443.32
1175.32
960.439
798.956
689.247
627.97
610.28
630.107
680.472
753.815
842.348
938.385
1034.66
1124.61
1202.62
1264.19
1306.06
1326.31
1324.33
1300.75
1257.37
1197
1123.22
1040.24
952.579
864.901
781.743
707.312
645.297
598.71
569.773
559.836
569.344
597.85
644.058
705.907
780.686
865.172
955.781
1048.73
1140.22
1226.55
1304.33
1370.54
1422.71
1458.92
1477.95
1479.21
1462.83
1429.57
1380.77
1318.32
1244.54
1162.08
1073.82
982.754
891.879
804.098
722.117
648.368
584.938
533.517
495.365
471.297
461.676
466.434
485.096
516.821
560.451
614.568
677.551
747.64
822.995
901.755
982.089
1062.25
1140.6
1215.68
1286.17
1350.99
1409.23
1460.22
1503.48
1538.73
1565.88
1585.01
1596.36
1600.28
1597.26
1587.86
1572.72
1552.51
1527.95
1499.78
1468.71
1435.45
1400.7
1365.08
1329.2
1293.61
1258.78
1225.14
1193.04
1162.78
1134.58
1108.61
1084.96
1063.67
1044.73
1028.06
1013.56
1001.07
990.405
981.352
973.673
967.117
961.425
956.334
951.585
946.926
942.12
936.946
931.208
924.73
917.367
908.999
899.54
888.93
877.141
864.174
850.056
834.839
818.598
801.428
783.442
764.763
745.528
725.877
705.955
685.908
665.879
646.005
626.416
607.235
588.57
570.522
553.178
536.611
520.884
506.046
492.134
479.174
467.182
456.162
446.112
437.018
428.859
421.609
415.231
409.683
404.919
400.883
397.516
394.753
392.525
390.757
389.374
388.296
387.443
386.733
386.087
385.427
384.682
383.782
382.665
381.278
379.575
377.519
375.084
372.252
369.017
365.381
361.355
356.958
352.217
347.165
341.839
336.282
330.538
324.654
318.677
312.654
306.632
300.656
294.77
289.013
283.421
278.026
272.855
267.929
263.259
258.851
254.7
250.79
247.097
243.581
240.194
236.873
233.548
230.139
226.558
222.716
218.522
213.893
208.754
203.046
196.734
189.808
182.293
174.249
165.78
157.035
148.206
139.533
131.297
123.817
117.444
112.55
109.521
108.738
110.571
115.358
123.391
134.902
150.046
168.889
191.394
217.415
246.687
278.828
313.334
349.589
386.874
424.382
#6
32.6068
31.2227
44.8323
74.6003
121.146
184.493
264.04
358.555
466.2
584.574
710.782
841.533
973.245
1102.17
1224.53
1336.65
1435.12
1516.86
1579.31
1620.5
1639.1
1634.51
1606.85
1556.99
1486.5
1397.56
1292.95
1175.85
1049.8
918.533
785.821
655.367
530.657
414.841
310.63
220.209
145.177
86.5082
44.5439
19.0049
9.03228
13.2485
29.837
56.6371
91.2482
131.139
173.759
216.641
257.501
294.32
325.411
349.47
365.609
373.362
372.678
363.897
347.704
325.077
297.22
265.493
231.339
196.211
161.504
128.496
98.2955
71.804
49.6879
32.3658
20.0083
12.5484
9.70425
11.0094
15.8499
23.5059
33.1948
44.1139
55.4809
66.5694
76.7394
85.46
92.3251
97.062
99.5318
99.7232
97.7415
93.7916
88.1581
81.1842
73.2485
64.7433
56.0541
47.5422
39.5292
32.2865
26.0278
20.905
17.0087
14.3705
12.9688
12.7358
13.5669
15.3294
17.8728
21.0371
24.6623
28.5946
32.6928
36.8328
40.9104
44.8425
48.5678
52.0454
55.2533
58.1855
60.849
63.2608
65.444
67.4247
69.229
70.8801
72.3963
73.789
75.0612
76.2076
77.2134
78.0556
78.7036
79.1203
79.2644
79.0921
78.5598
77.6265
76.2566
74.4225
72.107
69.3057
66.0288
62.3027
58.1706
53.6931
48.9477
44.0279
39.0414
34.1079
29.3565
24.9216
20.9404
17.548
14.8739
13.038
12.147
12.2908
13.5396
15.9417
19.5218
24.2795
30.1898
37.2029
45.2457
54.2233
64.022
74.5116
85.5489
96.9816
108.652
120.4
132.068
143.504
154.566
165.122
175.056
184.266
192.672
200.21
206.835
212.522
217.265
221.074
223.977
226.013
227.237
227.71
227.504
226.694
225.358
223.579
221.433
219
216.352
213.559
210.683
207.783
204.909
202.107
199.416
196.868
194.491
192.308
190.334
188.583
187.06
185.768
184.704
183.86
183.222
182.771
182.479
182.317
182.244
182.218
182.187
182.096
181.886
181.494
180.857
179.91
178.594
176.85
174.629
171.889
168.6
164.741
160.309
155.312
149.775
143.738
137.255
130.393
123.231
115.857
108.365
100.855
93.4232
86.1668
79.1751
72.5283
66.2948
60.529
55.2693
50.5375
46.3383
42.6597
39.4748
36.7432
34.4141
32.4293
30.727
29.2457
27.928
26.7249
25.5991
24.5281
23.507
22.5498
21.6908
20.9835
20.5003
20.3294
20.5724
21.3394
22.7446
24.901
27.9142
31.8771
36.8634
42.923
50.0765
58.3116
67.5801
77.796
88.8351
100.536
112.701
125.104
137.491
149.586
161.106
171.758
181.258
189.334
195.736
200.25
202.699
202.958
200.953
196.673
190.171
181.564
171.033
158.823
145.234
130.619
115.371
99.9151
84.693
70.1528
56.7326
44.8461
34.8675
27.1172
21.8489
19.2381
19.3725
22.2457
27.7532
35.693
45.7682
57.5951
70.7136
84.6019
98.6945
112.402
125.136
136.329
145.464
152.094
155.869
156.553
154.041
148.375
139.745
128.495
115.115
100.229
84.5783
68.993
54.3634
41.6035
31.6121
25.2314
23.2052
26.1386
34.4617
48.3973
67.9368
92.8242
122.551
156.36
193.263
232.072
271.434
309.883
345.9
377.977
404.685
424.743
437.09
440.943
435.857
421.762
398.997
368.32
330.905
288.317
242.475
195.585
150.073
108.488
73.412
47.3457
#7
267.683
292.614
326.556
369.626
421.645
482.116
550.208
624.76
704.289
787.02
870.919
953.754
1033.16
1106.69
1171.96
1226.68
1268.75
1296.4
1308.24
1303.32
1281.25
1242.19
1186.93
1116.84
1033.91
940.663
840.124
735.691
631.046
530.017
436.429
353.955
285.955
235.324
204.351
194.598
206.795
240.78
295.46
368.821
457.977
559.26
668.353
780.451
890.467
993.251
1083.82
1157.62
1210.72
1240.08
1243.67
1220.68
1171.57
1098.14
1003.45
891.813
768.569
639.917
512.638
393.795
290.402
209.077
155.701
135.095
150.735
204.516
296.591
425.277
587.054
776.653
987.23
1210.63
1437.71
1658.77
1863.96
2043.77
2189.5
2293.73
2350.69
2356.66
2310.21
2212.38
2066.72
1879.27
1658.35
1414.25
1158.91
905.36
667.221
458.078
290.883
177.344
127.361
148.531
245.732
420.833
672.518
996.258
1384.42
1826.52
2309.59
2818.68
3337.44
3848.79
4335.58
4781.31
5170.78
5490.74
5730.38
5881.81
5940.3
5904.47
5776.31
5561.03
5266.8
4904.35
4486.51
4027.6
3542.82
3047.61
2557.04
2085.16
1644.52
1245.7
896.988
604.141
370.299
196.007
79.3492
16.2018
0.562668
24.9553
80.8765
159.267
250.982
347.23
439.978
522.288
588.575
634.79
658.511
658.942
636.838
594.35
534.814
462.485
382.251
299.321
218.924
146.019
85.0409
39.6858
12.7447
5.99585
20.1529
54.8701
108.8
179.7
264.573
359.84
461.537
565.507
667.603
763.873
850.728
925.079
984.452
1027.06
1051.83
1058.44
1047.26
1019.31
976.18
919.915
852.927
777.862
697.482
614.556
531.747
451.523
376.084
307.297
246.658
195.272
153.847
122.705
101.808
90.7964
89.0309
95.6449
109.598
129.729
154.809
183.589
214.842
247.401
280.189
312.239
342.712
370.907
396.261
418.347
436.87
451.655
462.637
469.843
473.38
473.42
470.186
463.937
454.958
443.546
430.005
414.637
397.735
379.581
360.438
340.556
320.163
299.47
278.67
257.938
237.432
217.295
197.656
178.632
160.327
142.835
126.239
110.614
96.0248
82.5299
70.1781
59.0112
49.063
40.3601
32.9216
26.7598
21.8798
18.2801
15.9529
14.8842
15.054
16.4371
19.0029
22.716
27.5364
33.4194
40.3166
48.175
56.9378
66.5438
76.9281
88.0213
99.7497
112.035
124.796
137.944
151.389
165.035
178.785
192.536
206.183
219.622
232.745
245.447
257.625
269.178
280.013
290.04
299.18
307.363
314.528
320.63
325.634
329.522
332.287
333.941
334.507
334.027
332.553
330.153
326.907
322.905
318.25
313.051
307.426
301.502
295.407
289.276
283.246
277.456
272.045
267.153
262.915
259.463
256.924
255.416
255.047
255.912
258.09
261.642
266.606
272.998
280.807
289.992
300.484
312.184
324.964
338.667
353.111
368.093
383.396
398.787
414.035
428.907
443.184
456.663
469.166
480.545
490.688
499.522
507.014
513.171
518.041
521.704
524.271
525.873
526.654
526.76
526.33
525.488
524.326
522.903
521.237
519.297
517.004
514.233
510.816
506.549
501.207
494.553
486.358
476.419
464.576
450.736
434.889
417.128
397.659
376.818
355.074
333.028
311.411
291.067
272.938
258.034
247.404
242.097
243.118
251.386
#8
312.296
275.756
235.662
193.86
152.39
113.406
79.0912
51.5639
32.7838
24.4584
27.9574
44.2381
73.7847
116.567
172.018
239.038
316.017
400.887
491.187
584.154
676.831
766.177
849.192
923.04
985.167
1033.41
1066.07
1082.02
1080.74
1062.31
1027.44
977.462
914.205
839.979
757.454
669.55
579.317
489.811
403.969
324.498
253.763
193.709
145.79
110.923
89.4759
81.2629
85.5787
101.245
126.681
159.98
199.011
241.513
285.193
327.832
367.367
401.978
430.146
450.707
462.885
466.299
460.966
447.274
425.95
398.006
364.685
327.395
287.637
246.938
206.784
168.56
133.494
102.62
76.7367
56.3952
41.8863
33.2444
30.2621
32.513
39.3833
50.1092
63.8182
79.5728
96.4132
113.4
129.649
144.371
156.889
166.669
173.324
176.625
176.501
173.027
166.414
156.994
145.192
131.51
116.497
100.727
84.7738
69.1891
54.4842
41.112
29.4553
19.8171
12.4158
7.38287
4.76509
4.5288
6.56722
10.7095
16.7312
24.3659
33.317
43.2694
53.9005
64.8912
75.9342
86.7428
97.0566
106.647
115.321
122.921
129.329
134.466
138.285
140.777
141.962
141.889
140.632
138.282
134.949
130.756
125.832
120.313
114.334
108.031
101.535
94.9674
88.4439
82.0678
75.9304
70.1103
64.6727
59.6689
55.137
51.1022
47.5778
44.5665
42.0615
40.0481
38.5057
37.4093
36.7315
36.4439
36.5187
36.9304
37.6566
38.6792
39.9847
41.5647
43.4155
45.5383
47.9378
50.6221
53.601
56.8846
60.4826
64.4021
68.6468
73.2152
78.0997
83.2855
88.7501
94.4624
100.383
106.463
112.647
118.872
125.067
131.158
137.066
142.711
148.012
152.889
157.269
161.08
164.261
166.758
168.529
169.544
169.785
169.249
167.949
165.912
163.176
159.799
155.847
151.399
146.543
141.376
135.997
130.509
125.015
119.614
114.398
109.453
104.851
100.654
96.9078
93.6449
90.8806
88.6148
86.8328
85.5058
84.5934
84.0448
83.802
83.8022
83.9802
84.2718
84.6157
84.9565
85.2458
85.4446
85.5237
85.4641
85.2576
84.9053
84.4173
83.8106
83.1079
82.335
81.5194
80.6876
79.8636
79.0673
78.3127
77.6077
76.9529
76.3417
75.7612
75.1921
74.6107
73.9895
73.2995
72.5112
71.5968
70.5316
69.2954
67.8736
66.2585
64.4495
62.4537
60.2858
57.9682
55.5301
53.0072
50.4412
47.8785
45.3698
42.9693
40.7339
38.7224
36.9948
35.612
34.6344
34.1215
34.1305
34.7157
35.9263
37.8052
40.3868
43.6948
47.7402
52.5183
58.0067
64.1629
70.9225
78.198
85.8774
93.8253
101.883
109.872
117.596
124.845
131.404
137.055
141.589
144.81
146.547
146.659
145.046
141.652
136.478
129.579
121.07
111.127
99.9853
87.9336
75.3085
62.4851
49.8664
37.8695
26.9119
17.3957
9.69226
4.12643
0.962319
0.390176
2.51557
7.3513
14.8124
24.7149
36.7781
50.6309
65.8221
81.8342
98.1003
114.025
129.003
142.45
153.818
162.624
168.471
171.069
170.25
165.983
158.379
147.697
134.341
118.849
101.877
84.1845
66.6033
50.0097
35.2902
23.3062
14.8562
10.6392
11.22
16.9974
28.1777
44.7551
66.4983
92.9475
123.42
157.024
192.687
229.19
265.207
299.362
330.279
356.65
377.285
391.184
397.583
396.004
386.3
368.674
343.694
#9
97.062
97.5877
102.79
113.241
129.498
152.087
181.476
218.049
262.079
313.7
372.875
439.374
512.75
592.32
677.157
766.082
857.671
950.272
1042.03
1130.92
1214.82
1291.51
1358.81
1414.61
1456.97
1484.19
1494.87
1488.04
1463.17
1420.28
1359.93
1283.25
1191.99
1088.42
975.355
856.038
734.065
613.27
497.586
390.91
296.942
219.034
160.043
122.19
106.944
114.932
145.875
198.564
270.877
359.834
461.691
572.083
686.19
798.939
905.225
1000.14
1079.23
1138.68
1175.55
1187.95
1175.15
1137.67
1077.34
997.224
901.537
795.513
685.178
577.102
478.108
394.955
334.008
300.921
300.327
335.578
408.523
519.353
666.518
846.722
1055
1284.87
1528.56
1777.35
2021.88
2252.56
2460.02
2635.49
2771.26
2861.03
2900.21
2886.2
2818.55
2699.02
2531.56
2322.18
2078.71
1810.52
1528.09
1242.63
965.516
707.873
480.043
291.146
148.675
58.169
22.9744
44.1029
120.201
247.627
420.631
631.63
871.569
1130.34
1397.26
1661.51
1912.69
2141.21
2338.7
2498.37
2615.24
2686.3
2710.6
2689.12
2624.74
2521.95
2386.57
2225.39
2045.84
1855.54
1661.93
1471.93
1291.62
1125.99
978.75
852.276
747.549
664.235
600.82
554.798
522.915
501.44
486.452
474.118
460.959
444.076
421.33
391.469
354.185
310.118
260.794
208.503
156.134
106.978
64.4968
32.0911
12.8712
9.44478
23.7358
56.8436
108.95
179.279
266.11
366.845
478.122
595.97
715.999
833.609
944.206
1043.43
1127.33
1192.61
1236.7
1257.92
1255.53
1229.75
1181.74
1113.53
1027.92
928.329
818.653
703.065
585.843
471.184
363.032
264.926
179.867
110.222
57.6514
23.0785
6.68654
7.94908
25.6891
58.1613
103.153
158.1
220.204
286.562
354.279
420.582
482.916
539.026
587.022
625.42
653.171
669.667
674.728
668.58
651.815
625.341
590.331
548.16
500.346
448.491
394.22
339.135
284.764
232.524
183.691
139.37
100.486
67.7658
41.7396
22.7406
10.9113
6.21416
8.44457
17.2469
32.132
52.496
77.64
106.79
139.116
173.754
209.823
246.446
282.766
317.964
351.273
381.996
409.515
433.301
452.927
468.07
478.515
484.161
485.011
481.177
472.87
460.387
444.109
424.481
402.002
377.21
350.666
322.939
294.589
266.158
238.152
211.033
185.209
161.026
138.763
118.631
100.769
85.2513
72.0837
61.2147
52.5393
45.9076
41.1333
38.0023
36.2819
35.7294
36.1009
37.1578
38.6741
40.4416
42.2738
44.0094
45.5139
46.6801
47.4285
47.7055
47.4823
46.7521
45.5276
43.8385
41.7287
39.2535
36.4775
33.4724
30.3156
27.0887
23.8769
20.7682
17.8532
15.2251
12.9796
11.2145
10.0302
9.52887
9.81378
10.9886
13.1558
16.4152
20.8617
26.5828
33.6564
42.1474
52.105
63.5599
76.5216
90.9755
106.881
124.172
142.75
162.492
183.244
204.827
227.035
249.642
272.404
295.061
317.345
338.984
359.707
379.251
397.365
413.818
428.399
440.927
451.251
459.256
464.858
468.015
468.718
466.994
462.903
456.537
448.011
437.467
425.064
410.973
395.379
378.47
360.439
341.481
321.79
301.56
280.988
260.273
239.622
219.253
199.402
180.325
162.31
145.673
130.77
118
107.799
100.648
#10
321.357
358.277
389.618
413.903
429.92
436.788
434.013
421.53
399.718
369.411
331.873
288.761
242.072
194.06
147.154
103.856
66.6316
37.8058
19.4545
13.308
20.6649
42.3228
78.5293
128.955
192.689
268.264
353.7
446.572
544.102
643.26
740.881
833.791
918.931
993.474
1054.95
1101.32
1131.09
1143.34
1137.77
1114.73
1075.14
1020.54
952.947
874.798
788.862
698.11
605.601
514.359
427.26
346.918
275.59
215.099
166.776
131.417
109.279
100.079
103.033
116.904
140.073
170.623
206.427
245.251
284.854
323.08
357.949
387.732
411.018
426.757
434.29
433.358
424.095
407.001
382.903
352.898
318.295
280.539
241.142
201.609
163.371
127.721
95.7645
68.3777
46.1805
29.5221
18.481
12.877
12.2956
16.122
23.5827
33.7926
45.8048
58.6602
71.4349
83.2835
93.4754
101.424
106.705
109.069
108.444
104.923
98.7557
90.3202
80.1011
68.6571
56.5891
44.5084
33.0062
22.6262
13.8407
7.03289
2.48317
0.36235
0.72987
3.53758
8.63813
15.7973
24.7095
35.015
46.3184
58.2074
70.2703
82.1124
93.3701
103.722
112.899
120.687
126.933
131.543
134.483
135.768
135.462
133.67
130.528
126.196
120.849
114.673
107.852
100.568
92.9925
85.2834
77.5825
70.0134
62.6808
55.6701
49.0483
42.8649
37.1538
31.9348
27.2157
22.9943
19.2604
15.9977
13.1855
10.8
8.81604
7.2076
5.94909
5.01578
4.38428
4.03275
3.94107
4.0908
4.46504
5.04831
5.82628
6.7855
7.91321
9.19701
10.6247
12.1842
13.8632
15.6493
17.5298
19.492
21.5233
23.611
25.743
27.9082
30.0961
32.2982
34.5078
36.7206
38.9353
41.1542
43.3833
45.6328
47.9177
50.2575
52.6765
55.2037
57.8722
60.7187
63.7828
67.1057
70.7292
74.6938
79.0377
83.7946
88.9921
94.65
100.779
107.378
114.436
121.926
129.812
138.041
146.549
155.259
164.086
172.933
181.698
190.272
198.547
206.413
213.764
220.498
226.522
231.754
236.12
239.563
242.038
243.517
243.984
243.441
241.905
239.407
235.988
231.707
226.628
220.828
214.39
207.4
199.953
192.141
184.058
175.796
167.444
159.086
150.797
142.648
134.698
126.998
119.588
112.497
105.744
99.3388
93.2802
87.5593
82.1597
77.0594
72.2321
67.6491
63.2811
59.0995
55.0786
51.1962
47.4348
43.7825
40.233
36.7857
33.445
30.2196
27.1213
24.1637
21.3611
18.7267
16.2715
14.0033
11.9261
10.0395
8.33932
6.81785
5.46521
4.27081
3.22525
2.32243
1.56171
0.950008
0.503629
0.249637
0.226653
0.4849
1.08539
2.09822
3.59989
5.66977
8.38575
11.8193
16.0299
21.0596
26.9276
33.6251
41.1112
49.3093
58.1061
67.3509
76.8577
86.4086
95.7597
104.649
112.805
119.958
125.853
130.26
132.988
133.898
132.912
130.022
125.299
118.893
111.036
102.038
92.2777
82.194
72.2685
63.0086
54.9261
48.5148
44.2264
42.4472
43.4757
47.5031
54.5966
64.6883
77.5688
92.8878
110.161
128.783
148.05
167.182
185.361
201.76
215.585
226.116
232.739
234.99
232.579
225.416
213.63
197.571
177.812
155.128
130.48
104.972
79.8137
56.2657
35.5862
18.9709
7.49437
2.05423
3.32013
11.6914
27.2652
49.8173
78.7972
113.338
152.281
194.219
237.545
280.523
#11
117.606
102.834
87.9138
73.0862
58.6393
44.905
32.2564
21.1032
11.8844
5.06007
1.09982
0.470378
3.62083
10.9667
22.8728
39.6359
61.467
88.4745
120.649
157.849
199.792
246.045
296.024
348.993
404.073
460.254
516.411
571.328
623.729
672.305
715.758
752.837
782.381
803.359
814.92
816.423
807.477
787.974
758.106
718.382
669.633
613.006
549.943
482.154
411.575
340.315
270.593
204.668
144.761
92.9755
51.2135
21.0976
3.89683
0.461879
11.173
35.9035
74.0007
124.288
185.087
254.265
329.297
407.356
485.414
560.36
629.127
688.824
736.862
771.079
789.849
792.166
777.717
746.91
700.882
641.467
571.134
492.889
410.147
326.586
245.972
171.985
108.03
57.0659
21.4444
2.7741
1.81847
18.433
51.5464
99.1904
158.577
226.222
298.113
369.913
437.188
495.656
541.437
571.299
582.88
574.879
547.202
501.051
438.958
364.748
283.435
201.053
124.43
60.9003
17.9894
3.05979
22.9514
83.6261
189.834
344.817
550.072
805.174
1107.68
1453.14
1835.12
2245.43
2674.34
3110.9
3543.33
3959.46
4347.14
4694.77
4991.69
5228.63
5398.09
5494.63
5515.06
5458.64
5327.07
5124.44
4857.06
4533.25
4162.98
3757.51
3328.95
2889.79
2452.47
2028.86
1629.91
1265.23
942.779
668.632
446.826
279.286
165.846
104.344
90.809
119.703
184.223
276.64
388.666
511.827
637.827
758.886
868.051
959.445
1028.47
1071.94
1088.16
1076.89
1039.33
977.989
896.473
799.318
691.72
579.277
467.718
362.633
269.227
192.092
135.02
100.85
91.3705
107.26
148.088
212.35
297.561
400.379
516.757
642.133
771.622
900.224
1023.03
1135.4
1233.18
1312.8
1371.45
1407.14
1418.76
1406.12
1369.89
1311.6
1233.53
1138.61
1030.29
912.411
789.031
664.289
542.25
426.764
321.339
229.03
152.355
93.2285
52.9232
32.0535
30.5858
47.8692
82.6865
133.322
197.64
273.18
357.246
447.011
539.608
632.226
722.188
807.033
884.573
952.943
1010.64
1056.54
1089.92
1110.43
1118.11
1113.34
1096.81
1069.49
1032.57
987.429
935.567
878.564
818.026
755.547
692.659
630.804
571.294
515.296
463.807
417.644
377.439
343.641
316.517
296.163
282.522
275.395
274.461
279.302
289.415
304.242
323.183
345.616
370.917
398.471
427.684
457.997
488.888
519.883
550.555
580.527
609.473
637.112
663.212
687.581
710.067
730.552
748.948
765.195
779.258
791.12
800.785
808.272
813.616
816.864
818.079
817.332
814.709
810.305
804.227
796.592
787.526
777.163
765.645
753.119
739.736
725.649
711.014
695.98
680.697
665.307
649.944
634.733
619.789
605.214
591.097
577.512
564.522
552.173
540.498
529.516
519.234
509.647
500.739
492.482
484.842
477.777
471.238
465.172
459.522
454.229
449.231
444.47
439.885
435.421
431.023
426.642
422.233
417.757
413.181
408.478
403.629
398.62
393.445
388.102
382.598
376.942
371.151
365.242
359.238
353.16
347.034
340.881
334.723
328.578
322.46
316.38
310.34
304.338
298.364
292.401
286.423
280.396
274.278
268.021
261.568
254.856
247.818
240.385
232.485
224.049
215.01
205.312
194.908
183.768
171.882
159.263
145.953
132.03
#12
10.6409
10.2514
19.481
38.1278
65.5287
100.574
141.744
187.168
234.704
282.03
326.757
366.547
399.231
422.929
436.162
437.946
427.873
406.159
373.672
331.923
283.031
229.654
174.887
122.138
74.9852
37.0119
11.6405
1.96302
10.5816
39.4644
89.8256
162.036
255.569
368.983
499.954
645.333
801.259
963.293
1126.59
1286.08
1436.69
1573.52
1692.07
1788.39
1859.3
1902.46
1916.49
1901.01
1856.68
1785.13
1688.9
1571.33
1436.42
1288.66
1132.81
973.769
816.335
665.036
523.962
396.625
285.842
193.658
121.298
69.166
36.8668
23.2695
26.5952
44.5293
74.3507
113.072
157.58
204.783
251.735
295.757
334.534
366.192
389.347
403.134
407.206
401.712
387.251
364.816
335.712
301.474
263.779
224.353
184.885
146.952
111.948
81.0314
55.0863
34.6997
20.1547
11.4391
8.26768
10.1163
16.2656
25.8507
37.9149
51.4637
65.5173
79.1578
91.5707
102.077
110.158
115.466
117.834
117.262
113.912
108.082
100.178
90.6914
80.1606
69.1421
58.1801
47.7793
38.3819
30.3501
23.9544
19.3665
16.6599
15.8136
16.7222
19.2084
23.0385
27.9401
33.6187
39.7758
46.1238
52.3993
58.374
63.8622
68.7245
72.8695
76.2514
78.8658
80.7434
81.942
82.5382
82.6188
82.2721
81.5815
80.6192
79.4416
78.0879
76.5785
74.9163
73.0894
71.0746
68.8417
66.3586
63.5961
60.5324
57.1569
53.4733
49.5017
45.2786
40.8571
36.3048
31.7015
27.1353
22.6994
18.4871
14.5884
11.0852
8.04864
5.53599
3.5888
2.23196
1.47374
1.30673
1.70964
2.64987
4.08671
5.97479
8.26796
10.9229
13.9029
17.1807
20.7413
24.5839
28.723
33.1887
38.0261
43.2939
49.0621
55.4093
62.4188
70.1747
78.7576
88.2402
98.6825
110.128
122.598
136.092
150.582
166.01
182.29
199.305
216.911
234.936
253.184
271.441
289.475
307.047
323.913
339.83
354.565
367.899
379.634
389.597
397.647
403.677
407.617
409.437
409.149
406.801
402.483
396.318
388.461
379.095
368.426
356.673
344.069
330.849
317.245
303.483
289.775
276.315
263.274
250.8
239.011
227.998
217.821
208.515
200.085
192.509
185.747
179.735
174.397
169.64
165.368
161.475
157.857
154.411
151.04
147.651
144.166
140.515
136.641
132.502
128.068
123.324
118.267
112.908
107.268
101.381
95.2874
89.036
82.6815
76.2826
69.9002
63.596
57.4303
51.4606
45.7398
40.3148
35.2253
30.5026
26.169
22.237
18.7097
15.581
12.8364
10.4546
8.40927
6.67136
5.21203
4.00574
3.03367
2.28721
1.77137
1.50797
1.53831
1.92522
2.75412
4.13311
6.19169
9.07819
12.9557
17.9966
24.3755
32.2612
41.8078
53.144
66.3638
81.5156
98.5932
117.527
138.177
160.328
183.69
207.894
232.501
257.006
280.852
303.442
324.158
342.381
357.512
368.996
376.346
379.166
377.173
370.215
358.29
341.55
320.316
295.068
266.446
235.234
202.34
168.77
135.6
103.935
74.8743
49.4694
28.6812
13.3406
4.11086
1.45515
5.60978
16.5656
34.0579
57.5669
86.3274
119.35
155.451
193.294
231.438
268.39
302.669
332.862
357.688
376.057
387.12
390.316
385.402
372.479
351.995
324.739
291.817
254.616
214.747
173.986
134.194
97.2418
64.9163
38.8422
20.3974
#13
99.5237
89.7491
79.8024
69.907
60.3191
51.3264
43.2451
36.4171
31.205
27.9872
27.1515
29.0872
34.1765
42.7848
55.2499
71.8704
92.8933
118.502
148.801
183.808
223.437
267.493
315.659
367.492
422.419
479.74
538.625
598.133
657.214
714.736
769.503
820.286
865.85
904.995
936.592
959.623
973.222
976.717
969.664
951.884
923.49
884.906
836.88
780.484
717.106
648.425
576.378
503.111
430.922
362.189
299.296
244.543
200.061
167.725
149.065
145.192
156.728
183.755
225.782
281.73
349.944
428.224
513.889
603.86
694.761
783.05
865.156
937.627
997.284
1041.37
1067.68
1074.7
1061.69
1028.74
976.822
907.764
824.212
729.534
627.694
523.089
420.359
324.173
239.012
168.946
117.416
87.0534
79.515
95.3699
134.033
193.752
271.66
363.874
465.666
571.673
676.153
773.273
857.417
923.492
967.23
985.454
976.308
939.43
876.056
789.052
682.861
563.376
437.733
314.028
200.978
107.541
42.4962
14.0238
29.2885
94.0573
212.364
386.242
615.538
897.82
1228.38
1600.35
2004.89
2431.52
2868.46
3303.09
3722.44
4113.68
4464.66
4764.34
5003.29
5174.03
5271.33
5292.39
5236.98
5107.37
4908.26
4646.55
4331.02
3972
3580.9
3169.75
2750.76
2335.82
1936.1
1561.61
1220.9
920.839
666.378
460.512
304.265
196.769
135.424
116.11
133.457
181.143
252.221
339.44
435.57
533.689
627.452
711.31
780.683
832.079
863.165
872.78
860.902
828.573
777.783
711.324
632.619
545.545
454.235
362.893
275.614
196.211
128.069
74.021
36.2506
16.2217
14.6416
31.4536
65.8588
116.367
180.87
256.742
340.948
430.18
520.979
609.886
693.565
768.933
833.277
884.342
920.414
940.368
943.696
930.512
901.526
858.002
801.691
734.749
659.637
579.023
495.671
412.331
331.642
256.036
187.661
128.314
79.3988
41.8912
16.3339
2.8414
1.12363
10.523
30.0629
58.5042
94.4078
136.199
182.233
230.854
280.455
329.525
376.691
420.752
460.703
495.749
525.312
549.027
566.738
578.481
584.465
585.051
580.726
572.079
559.774
544.526
527.073
508.161
488.514
468.828
449.745
431.849
415.654
401.595
390.026
381.22
375.363
372.563
372.849
376.179
382.442
391.472
403.049
416.913
432.767
450.292
469.152
489.001
509.496
530.299
551.087
571.557
591.428
610.452
628.409
645.114
660.415
674.196
686.374
696.898
705.746
712.922
718.456
722.393
724.796
725.74
725.306
723.579
720.647
716.596
711.505
705.451
698.503
690.723
682.167
672.885
662.921
652.318
641.113
629.348
617.063
604.302
591.114
577.553
563.68
549.56
535.267
520.875
506.467
492.124
477.928
463.959
450.293
436.997
424.133
411.749
399.883
388.559
377.788
367.567
357.881
348.702
339.992
331.704
323.784
316.177
308.823
301.667
294.655
287.74
280.883
274.055
267.239
260.426
253.623
246.845
240.119
233.482
226.976
220.651
214.559
208.752
203.282
198.196
193.533
189.324
185.589
182.334
179.554
177.227
175.317
173.771
172.526
171.503
170.612
169.755
168.827
167.717
166.314
164.512
162.207
159.304
155.724
151.4
146.286
140.358
133.616
126.088
117.832
108.936
#14
12.669
1.67967
1.13575
11.7928
33.9314
67.3201
111.201
164.299
224.86
290.707
359.327
427.974
493.787
553.922
605.686
646.672
674.881
688.838
687.675
671.202
639.936
595.108
538.624
473.006
401.296
326.928
253.586
185.045
124.999
76.8924
43.7599
28.08
31.6516
55.5005
99.8181
163.938
246.352
344.761
456.163
576.975
703.178
830.482
954.505
1070.95
1175.79
1265.42
1336.8
1387.59
1416.21
1421.92
1404.79
1365.74
1306.43
1229.22
1136.99
1033.08
921.118
804.838
687.958
574.024
466.276
367.535
280.11
205.737
145.534
100.002
69.0345
51.9633
47.6235
54.4344
70.4946
93.6846
121.773
152.519
183.77
213.551
240.133
262.092
278.35
288.195
291.284
287.632
277.583
261.769
241.057
216.499
189.261
160.568
131.641
103.639
77.6162
54.4745
34.9377
19.5282
8.55794
2.12753
0.136136
2.29871
8.17055
17.1771
28.6471
41.8482
56.0222
70.419
84.3286
97.1077
108.203
117.169
123.678
127.527
128.638
127.053
122.923
116.495
108.098
98.1209
86.9935
75.1686
63.1007
51.2284
39.9586
29.6526
20.6152
13.0869
7.23942
3.17365
0.920849
0.446335
1.65535
4.40073
8.49189
13.7047
19.7921
26.4939
33.5472
40.6957
47.6975
54.3325
60.4082
65.7633
70.2711
73.8407
76.4165
77.9777
78.5351
78.1288
76.8236
74.705
71.8743
68.4444
64.5345
60.266
55.7586
51.1266
46.4758
41.9015
37.4865
33.2996
29.396
25.8162
22.5874
19.7238
17.2281
15.0931
13.303
11.8354
10.6629
9.75486
9.07896
8.60252
8.29378
8.12288
8.06262
8.08903
8.1817
8.32397
8.50285
8.70891
8.936
9.18088
9.44282
9.72317
10.0249
10.3522
10.7102
11.1042
11.5401
12.0233
12.5593
13.1531
13.8091
14.5315
15.3236
16.1886
17.1291
18.1472
19.2449
20.4238
21.6856
23.0315
24.4631
25.9817
27.5888
29.2861
31.0753
32.9582
34.9367
37.0129
39.1889
41.4668
43.8485
46.3359
48.9305
51.6332
54.4444
57.3636
60.3892
63.5183
66.7465
70.0672
73.4721
76.9503
80.4885
84.0705
87.6774
91.2875
94.8762
98.4163
101.878
105.231
108.441
111.475
114.298
116.878
119.181
121.179
122.843
124.151
125.083
125.625
125.769
125.512
124.856
123.811
122.391
120.616
118.508
116.098
113.417
110.497
107.376
104.088
100.67
97.1571
93.5826
89.9782
86.3729
82.7933
79.2631
75.8034
72.4325
69.1665
66.0194
63.003
60.1276
57.4019
54.8332
52.4273
50.1886
48.1196
46.2209
44.491
42.9258
41.5185
40.2596
39.1365
38.1343
37.236
36.4231
35.6768
34.9792
34.3148
33.6722
33.0457
32.4375
31.8587
31.3316
30.8899
30.58
30.4608
30.603
31.0877
32.0043
33.4473
35.5128
38.2937
41.8752
46.3288
51.7075
58.0397
65.3244
73.5264
82.5732
92.3518
102.708
113.448
124.337
135.11
145.47
155.103
163.683
170.886
176.401
179.947
181.279
180.212
176.626
170.481
161.828
150.812
137.68
122.78
106.559
89.5486
72.3614
55.6671
40.1747
26.6064
15.67
8.02933
4.27327
4.88517
10.2143
20.45
35.6013
55.4814
79.7005
107.666
138.594
171.524
205.354
238.872
270.803
299.861
324.807
344.501
357.968
364.445
363.436
354.746
338.516
315.231
285.727
251.168
213.015
172.979
132.952
94.9342
60.9448
32.9303
#15
185.578
167.375
150.082
133.815
118.678
104.763
92.1467
80.8918
71.0473
62.6477
55.7136
50.2535
46.2645
43.7345
42.645
42.9737
44.6981
47.7985
52.2618
58.0843
65.2749
73.8563
83.8661
95.3564
108.392
123.044
139.39
157.502
177.438
199.236
222.899
248.388
275.607
304.397
334.526
365.686
397.484
429.451
461.041
491.643
520.595
547.2
570.753
590.562
605.977
616.424
621.431
620.659
613.928
601.239
582.789
558.987
530.445
497.98
462.591
425.433
387.781
350.986
316.422
285.43
259.259
239.003
225.546
219.512
221.217
230.641
247.411
270.794
299.719
332.803
368.406
404.692
439.714
471.501
498.154
517.951
529.437
531.521
523.548
505.359
477.331
440.388
395.989
346.083
293.043
239.567
188.562
143.01
105.82
79.6755
66.8857
69.2481
87.9264
123.355
175.174
242.204
322.452
413.173
510.954
611.856
711.573
805.634
889.608
959.34
1011.16
1042.13
1050.18
1034.33
994.78
932.977
851.649
754.757
647.397
535.645
426.346
326.865
244.792
187.629
162.461
175.631
232.431
336.819
491.189
696.184
950.585
1251.26
1593.21
1969.66
2372.25
2791.31
3216.11
3635.31
4037.28
4410.55
4744.21
5028.34
5254.33
5415.24
5506.06
5523.88
5467.99
5339.96
5143.52
4884.44
4570.34
4210.34
3814.82
3394.92
2962.26
2528.43
2104.67
1701.41
1328.03
992.473
701.109
458.522
267.45
128.766
41.5402
3.16018
9.5147
55.2205
133.888
238.408
361.258
494.796
631.554
764.502
887.28
994.403
1081.4
1144.94
1182.86
1194.21
1179.19
1139.11
1076.24
993.703
895.295
785.323
668.409
549.308
432.728
323.153
224.695
140.951
74.9002
28.8088
4.17727
1.70714
21.2978
62.0699
122.414
200.059
292.167
395.434
506.216
620.651
734.793
844.748
946.799
1037.53
1113.94
1173.52
1214.37
1235.21
1235.45
1215.19
1175.22
1116.96
1042.46
954.274
855.388
749.13
639.035
528.737
421.838
321.791
231.785
154.64
92.7157
47.8417
21.261
13.5988
24.8519
54.4003
101.04
163.035
238.188
323.924
417.383
515.525
615.235
713.424
807.135
893.627
970.465
1035.58
1087.32
1124.5
1146.41
1152.8
1143.89
1120.35
1083.23
1033.9
974.04
905.526
830.381
750.703
668.598
586.12
505.212
427.661
355.054
288.751
229.862
179.238
137.464
104.869
81.5372
67.3255
61.8898
64.7112
75.126
92.357
115.545
143.778
176.12
211.639
249.426
288.617
328.411
368.077
406.969
444.527
480.283
513.857
544.957
573.374
598.975
621.696
641.534
658.539
672.804
684.456
693.653
700.567
705.388
708.309
709.526
709.231
707.61
704.84
701.086
696.501
691.224
685.38
679.082
672.43
665.509
658.398
651.163
643.863
636.549
629.268
622.06
614.963
608.014
601.246
594.692
588.385
582.356
576.638
571.261
566.256
561.65
557.469
553.736
550.466
547.67
545.353
543.507
542.118
541.159
540.591
540.363
540.409
540.652
541.003
541.358
541.606
541.625
541.289
540.467
539.026
536.838
533.778
529.732
524.598
518.287
510.73
501.876
491.698
480.19
467.369
453.275
437.973
421.544
404.092
385.736
366.61
346.861
326.641
306.113
285.44
264.788
244.318
224.192
204.563
#16
128.601
100.693
74.2848
50.8747
31.9156
18.7482
12.5381
14.2168
24.4305
43.4977
71.3795
107.663
151.56
201.921
257.267
315.834
375.634
434.525
490.298
540.763
583.842
617.664
640.654
651.609
649.775
634.895
607.245
567.654
517.492
458.641
393.445
324.633
255.228
188.437
127.527
75.6989
35.9555
10.9706
2.97104
13.6299
43.9798
94.3484
164.322
252.736
357.699
476.643
606.402
743.322
883.387
1022.36
1155.95
1279.96
1390.45
1483.87
1557.23
1608.2
1635.16
1637.32
1614.7
1568.13
1499.26
1410.41
1304.54
1185.11
1055.92
921.004
784.438
650.207
522.054
403.348
296.969
205.22
129.76
71.5687
30.9366
7.48807
0.225538
7.60029
27.6018
57.8623
95.7719
138.598
183.604
228.164
269.866
306.601
336.634
358.66
371.831
375.771
370.561
356.708
335.105
306.96
273.732
237.046
198.614
160.148
123.288
89.5286
60.1576
36.2092
18.4298
7.25767
2.81852
4.93477
13.1478
26.7519
44.837
66.3388
90.0928
114.89
139.531
162.879
183.906
201.727
215.639
225.134
229.914
229.893
225.189
216.109
203.126
186.849
167.995
147.351
125.739
103.981
82.8704
63.1371
45.4275
30.2827
18.1252
9.25036
3.82329
1.88141
3.34127
8.00963
15.5976
25.7375
38.0004
51.9158
66.9898
82.723
98.6278
114.242
129.143
142.956
155.363
166.106
174.993
181.893
186.74
189.525
190.292
189.133
186.18
181.597
175.573
168.315
160.038
150.962
141.302
131.265
121.045
110.818
100.742
90.9514
81.56
72.6584
64.3157
56.5799
49.4804
43.0293
37.2245
32.0514
27.4859
23.4967
20.0475
17.0991
14.6111
12.5438
10.8588
9.52021
8.49528
7.75453
7.27194
7.02485
6.99366
7.16155
7.51408
8.03878
8.72481
9.56261
10.5437
11.6603
12.9057
14.2736
15.7589
17.3571
19.0651
20.8807
22.8034
24.8344
26.9764
29.2341
31.6139
34.124
36.7743
39.5757
42.5402
45.68
49.007
52.5323
56.2649
60.2111
64.3736
68.7504
73.3339
78.1104
83.0587
88.1507
93.3502
98.6132
103.889
109.118
114.239
119.182
123.877
128.253
132.239
135.768
138.78
141.22
143.045
144.223
144.735
144.575
143.754
142.293
140.23
137.617
134.513
130.991
127.13
123.014
118.731
114.367
110.011
105.744
101.643
97.7767
94.2077
90.9877
88.1592
85.755
83.7985
82.3037
81.276
80.7126
80.6036
80.9319
81.6743
82.8017
84.2793
86.0665
88.1175
90.3806
92.7984
95.3078
97.8396
100.319
102.667
104.798
106.626
108.06
109.011
109.393
109.123
108.127
106.342
103.72
100.23
95.8633
90.6339
84.583
77.7805
70.3259
62.3495
54.0113
45.4998
37.0295
28.8374
21.1779
14.3173
8.52722
4.07689
1.22497
0.211092
1.24692
4.50746
10.1227
18.1696
28.6659
41.5638
56.7467
74.0267
93.1449
113.773
135.519
157.932
180.514
202.732
224.028
243.839
261.61
276.816
288.977
297.676
302.58
303.452
300.162
292.705
281.201
265.898
247.176
225.535
201.586
176.035
149.665
123.306
97.8164
74.0449
52.8051
34.8419
20.8023
11.2065
6.42481
6.65684
11.9184
22.034
36.6371
55.1779
76.9391
101.059
126.561
152.392
177.461
200.683
221.028
237.566
249.508
256.246
257.391
252.793
242.56
227.065
206.941
183.063
156.526
#17
182.173
190.452
198.782
207.036
215.083
222.797
230.048
236.717
242.689
247.86
252.14
255.45
257.729
258.934
259.037
258.031
255.927
252.756
248.566
243.425
237.42
230.656
223.258
215.367
207.145
198.772
190.446
182.383
174.82
168.008
162.215
157.722
154.82
153.806
154.977
158.621
165.016
174.412
187.026
203.031
222.543
245.609
272.2
302.198
335.387
371.451
409.968
450.409
492.148
534.461
576.548
617.544
656.541
692.613
724.845
752.365
774.372
790.169
799.2
801.072
795.584
782.745
762.792
736.193
703.643
666.06
624.558
580.421
535.065
489.994
446.745
406.835
371.704
342.651
320.785
306.971
301.787
305.489
317.994
338.867
367.333
402.292
442.362
485.923
531.184
576.255
619.224
658.24
691.6
717.821
735.717
744.454
743.595
733.123
713.453
685.408
650.19
609.321
564.566
517.847
471.144
426.386
385.346
349.545
320.157
297.941
283.19
275.706
274.804
279.35
287.822
298.404
309.107
317.903
322.88
322.395
315.232
300.741
278.96
250.707
217.635
182.243
147.839
118.459
98.7297
93.6936
108.589
148.6
218.589
322.817
464.671
646.407
868.935
1131.64
1432.27
1766.88
2129.86
2514.06
2910.91
3310.74
3703.05
4076.89
4421.27
4725.58
4980.02
5176.01
5306.57
5366.62
5353.26
5265.93
5106.46
4879.08
4590.26
4248.52
3864.13
3448.7
3014.78
2575.37
2143.41
1731.32
1350.52
1010.98
720.916
486.456
311.476
197.491
143.662
146.891
202.012
302.069
438.647
602.274
782.838
970.033
1153.79
1324.7
1474.37
1595.74
1683.36
1733.53
1744.41
1716.01
1650.17
1550.37
1421.52
1269.73
1101.99
925.822
748.965
579.01
423.09
287.582
177.858
98.0797
51.0608
38.1802
59.3636
113.125
196.664
306.02
436.258
581.705
736.191
893.318
1046.72
1190.33
1318.57
1426.64
1510.6
1567.54
1595.67
1594.34
1564.05
1506.37
1423.86
1319.94
1198.74
1064.91
923.428
779.401
637.883
503.679
381.183
274.227
185.972
118.815
74.3328
53.2653
55.5193
80.2107
125.729
189.826
269.723
362.231
463.879
571.042
680.074
787.428
889.768
984.065
1067.68
1138.44
1194.64
1235.14
1259.28
1266.96
1258.55
1234.87
1197.12
1146.87
1085.93
1016.31
940.159
859.66
777
694.294
613.53
536.53
464.908
400.048
343.083
294.887
256.071
226.996
207.777
198.311
198.291
207.239
224.528
249.416
281.073
318.609
361.098
407.61
457.225
509.055
562.262
616.065
669.758
722.707
774.361
824.249
871.981
917.243
959.795
999.462
1036.13
1069.73
1100.26
1127.72
1152.15
1173.64
1192.24
1208.05
1221.16
1231.63
1239.56
1245
1248.01
1248.61
1246.85
1242.73
1236.25
1227.41
1216.21
1202.63
1186.66
1168.32
1147.6
1124.55
1099.19
1071.61
1041.89
1010.14
976.507
941.163
904.3
866.133
826.9
786.858
746.275
705.429
664.601
624.073
584.117
544.998
506.959
470.228
435.006
401.465
369.75
339.975
312.222
286.543
262.961
241.473
222.05
204.645
189.193
175.616
163.828
153.736
145.248
138.27
132.715
128.497
125.541
123.776
123.136
123.565
125.006
127.407
130.717
134.88
139.84
145.531
151.884
158.818
166.244
174.065
