#1
3368.82
3476.19
3538.23
3552.72
3518.87
3437.43
3310.64
3142.16
2936.95
2701.09
2441.51
2165.78
1881.82
1597.55
1320.67
1058.34
816.927
601.821
417.242
266.138
150.121
69.466
23.1631
9.02094
23.8134
63.4635
123.254
198.051
282.541
371.452
459.765
542.906
616.903
678.503
725.261
755.579
768.712
764.732
744.462
709.386
661.527
603.324
537.49
466.875
394.333
322.6
254.187
191.29
135.725
88.878
51.6871
24.6361
7.77272
0.742042
2.83351
13.0388
30.1166
52.6607
79.1691
108.11
137.984
167.376
195.007
219.762
240.727
257.196
268.686
274.932
275.879
271.667
262.61
249.175
231.952
211.63
188.971
164.779
139.883
115.112
91.2742
69.1421
49.4369
32.8162
19.8623
11.0733
6.85427
7.50998
13.2381
24.1238
40.135
61.1197
86.8046
116.796
150.585
187.551
226.977
268.059
309.925
351.655
392.305
430.93
466.614
498.492
525.779
547.793
563.976
573.913
577.346
574.176
564.476
548.479
526.579
499.31
467.336
431.428
392.443
351.293
308.929
266.309
224.373
184.026
146.113
111.4
80.5666
54.1876
32.7305
16.5497
5.886
0.868877
1.52096
7.76497
19.4322
36.2721
57.9632
84.1236
114.322
148.089
184.926
224.317
265.734
308.648
352.534
396.879
441.184
484.972
527.792
569.219
608.865
646.374
681.429
713.756
743.125
769.353
792.305
811.895
828.09
840.904
850.401
856.692
859.927
860.296
858.016
853.329
846.489
837.756
827.387
815.624
802.687
788.768
774.023
758.569
742.48
725.79
708.494
690.551
671.895
652.44
632.094
610.766
588.381
564.891
540.284
514.595
487.911
460.378
432.2
403.643
375.026
346.715
319.116
292.661
267.796
244.966
224.599
207.092
192.799
182.017
174.976
171.83
172.657
177.45
186.123
198.511
214.378
233.421
255.281
279.554
305.795
333.533
362.278
391.527
420.773
449.511
477.242
503.474
527.729
549.544
568.476
584.104
596.034
603.909
607.411
606.276
600.303
589.363
573.415
552.514
526.827
496.636
462.348
424.498
383.745
340.868
296.756
252.389
208.817
167.136
128.457
93.8731
64.4239
41.0609
24.6123
15.7502
14.9615
22.5232
38.4842
62.6538
94.598
133.643
178.89
229.234
283.39
339.934
397.34
454.024
508.395
558.903
604.091
642.635
673.397
695.454
708.134
711.039
704.057
687.368
661.444
627.028
585.116
536.926
483.858
427.453
369.343
311.199
254.687
201.408
152.859
110.385
75.1403
48.0615
29.8403
20.9091
21.4335
31.3127
50.1887
77.4616
112.312
153.729
200.542
251.456
305.086
359.999
414.752
467.921
518.146
564.154
604.795
639.061
666.114
685.3
696.162
698.456
692.149
677.429
654.696
624.558
587.819
545.464
498.637
448.611
396.765
344.537
293.394
244.779
200.069
160.526
127.246
101.115
82.7683
72.5497
70.4893
76.2843
89.2964
108.561
132.815
160.535
189.997
219.346
246.683
270.152
288.046
298.904
301.613
295.495
280.388
256.704
225.469
188.328
147.534
105.894
66.6943
33.5854
10.451
1.24772
9.83092
39.7708
94.1671
175.471
285.322
424.412
592.379
787.741
1007.87
1249.04
1506.47
1774.45
2046.56
2315.81
2574.93
2816.59
3033.72
3219.73
#2
31.7813
20.8047
12.6256
7.37395
5.05142
5.53993
8.61418
13.9581
21.1838
29.8529
39.4974
49.6411
59.8194
69.5968
78.5826
86.4426
92.9081
97.7813
100.937
102.324
101.957
99.9145
96.3291
91.3787
85.2759
78.2581
70.5765
62.4865
54.2388
46.0707
38.2002
30.8199
24.0937
18.1537
13.0993
8.9971
5.8821
3.75935
2.60684
2.37857
3.00809
4.41222
6.49475
9.15015
12.267
15.7312
19.4288
23.2487
27.0849
30.8382
34.4177
37.7424
40.7424
43.3591
45.5469
47.2729
48.5184
49.2785
49.5631
49.3971
48.8203
47.888
46.67
45.2511
43.7293
42.2154
40.8308
39.7057
38.9764
38.782
39.261
40.5474
42.7662
46.0292
50.4305
56.0419
62.9093
71.0493
80.4457
91.0485
102.772
115.497
129.068
143.302
157.987
172.888
187.756
202.33
216.348
229.554
241.701
252.567
261.951
269.689
275.652
279.752
281.943
282.225
280.639
277.267
272.229
265.674
257.783
248.753
238.795
228.13
216.973
205.538
194.023
182.608
171.453
160.693
150.436
140.762
131.725
123.353
115.649
108.599
102.167
96.3071
90.9625
86.0707
81.5675
77.3901
73.4803
69.7868
66.267
62.8885
59.6292
56.4778
53.4329
50.502
47.6999
45.0469
42.5669
40.285
38.2251
36.4084
34.8507
33.5613
32.5413
31.7826
31.2676
30.9691
30.8506
30.8673
30.9677
31.0952
31.1905
31.194
31.0486
30.7027
30.1128
29.2467
28.0854
26.6259
24.8824
22.8875
20.6924
18.3669
15.9976
13.6859
11.5454
9.69786
8.26887
7.38292
7.1581
7.70051
9.0988
11.419
14.6995
18.9477
24.1364
30.202
37.0446
44.5284
52.484
60.7132
68.9933
77.0848
84.7386
91.705
97.7427
102.629
106.168
108.201
108.614
107.343
104.384
99.7905
93.6796
86.2296
77.6779
68.3158
58.4816
48.5515
38.9291
30.0331
22.2844
16.0922
11.84
9.87177
10.4787
13.8873
20.2486
29.6297
42.007
57.2621
75.1806
95.4534
117.681
141.382
166
190.923
215.49
239.017
260.813
280.202
296.546
309.265
317.864
321.95
321.254
315.648
305.16
289.979
270.466
247.147
220.709
191.988
161.943
131.634
102.189
74.7632
50.4962
30.469
15.6552
6.87471
4.75024
9.66833
21.7476
40.8161
66.3998
97.7235
133.726
173.087
214.274
255.595
295.266
331.491
362.541
386.847
403.076
410.219
407.656
395.214
373.207
342.454
304.272
260.452
213.203
165.081
118.885
77.5513
44.0234
21.1183
11.3926
17.0128
39.6366
80.3133
139.406
216.544
310.602
419.717
541.336
672.294
808.928
947.206
1082.89
1211.67
1329.4
1432.19
1516.61
1579.83
1619.72
1634.94
1625.01
1590.3
1532.06
1452.32
1353.82
1239.93
1114.46
981.553
845.489
710.54
580.802
460.043
351.57
258.118
181.768
123.885
85.0988
65.3054
63.7014
78.8451
108.74
150.936
202.648
260.876
322.536
384.584
444.132
498.554
545.578
583.355
610.512
626.178
629.999
622.114
603.133
574.081
536.333
491.544
441.562
388.345
333.873
280.066
228.712
181.393
139.442
103.892
75.4573
54.5182
41.1263
35.0211
35.6589
42.2533
53.8225
69.2431
87.3067
106.777
126.446
145.181
161.976
175.979
186.529
193.167
195.644
193.923
188.165
178.707
166.042
150.781
133.622
115.313
96.6148
78.2681
60.9594
45.2955
#3
902.445
1129.36
1398.71
1704.36
2038.56
2392.16
2754.94
3116.07
3464.45
3789.2
4080.08
4327.84
4524.66
4664.38
4742.77
4757.65
4708.95
4598.67
4430.82
4211.12
3946.84
3646.43
3319.17
2974.79
2623.11
2273.64
1935.25
1615.87
1322.26
1059.79
832.34
642.249
490.336
375.971
297.211
250.983
233.296
239.484
264.451
302.925
349.697
399.833
448.866
492.948
528.963
554.595
568.364
569.612
558.461
535.735
502.857
461.736
414.625
363.993
312.388
262.305
216.074
175.762
143.086
119.36
105.455
101.784
108.305
124.547
149.648
182.412
221.367
264.843
311.041
358.111
404.225
447.643
486.774
520.233
546.874
565.829
576.519
578.672
572.308
557.736
535.524
506.472
471.576
431.983
388.949
343.794
297.853
252.436
208.784
168.034
131.192
99.1007
72.4283
51.6538
37.0631
28.7512
26.6302
30.4425
39.7787
54.0994
72.7589
95.0315
120.138
147.27
175.618
204.392
232.845
260.286
286.1
309.754
330.807
348.916
363.834
375.408
383.576
388.361
389.86
388.237
383.712
376.549
367.047
355.526
342.323
327.774
312.216
295.97
279.34
262.609
246.032
229.835
214.214
199.332
185.322
172.287
160.303
149.418
139.658
131.029
123.518
117.101
111.741
107.393
104.01
101.542
99.9371
99.1499
99.1374
99.863
101.298
103.419
106.216
109.683
113.823
118.65
124.182
130.445
137.47
145.29
153.944
163.469
173.901
185.274
197.618
210.954
225.296
240.645
256.991
274.308
292.553
311.664
331.559
352.137
373.272
394.819
416.608
438.453
460.146
481.464
502.169
522.015
540.751
558.127
573.895
587.822
599.69
609.305
616.499
621.141
623.133
622.422
618.995
612.885
604.169
592.966
579.435
563.772
546.203
526.98
506.376
484.673
462.161
439.128
415.855
392.609
369.641
347.179
325.429
304.57
284.756
266.117
248.76
232.772
218.222
205.167
193.652
183.716
175.394
168.72
163.726
160.445
158.909
159.146
161.18
165.026
170.685
178.139
187.345
198.232
210.693
224.583
239.711
255.843
272.7
289.955
307.24
324.149
340.248
355.078
368.176
379.079
387.343
392.557
394.363
392.468
386.659
376.825
362.96
345.181
323.731
298.985
271.449
241.753
210.648
178.983
147.694
117.78
90.2728
66.2122
46.6124
32.4287
24.5248
23.6398
30.3573
45.0781
67.9963
99.0812
138.065
184.435
237.442
296.101
359.215
425.397
493.107
560.683
626.393
688.482
745.223
794.975
836.233
867.686
888.26
897.169
893.947
878.478
851.014
812.185
762.987
704.773
639.215
568.266
494.101
419.056
345.549
276.003
212.76
157.994
113.626
81.2466
62.0468
56.7563
65.6026
88.2837
123.963
171.282
228.401
293.051
362.62
434.243
504.918
571.625
631.464
681.775
720.275
745.167
755.243
749.963
729.506
694.793
647.473
589.885
524.972
456.173
387.287
322.303
265.226
219.882
189.733
177.69
185.95
215.851
267.777
341.081
434.077
544.064
667.411
799.687
935.835
1070.39
1197.72
1312.31
1408.99
1483.27
1531.54
1551.32
1541.42
1502.08
1435.03
1343.47
1232.02
1106.55
974.002
842.081
718.963
612.939
532.04
483.664
474.22
508.798
590.895
722.198
#4
313.625
269.895
225.66
182.476
141.777
104.822
72.6504
46.0476
25.5297
11.3357
3.43438
1.54268
5.15369
13.573
25.9609
41.3781
58.8324
77.3248
95.8926
113.647
129.804
143.713
154.869
162.925
167.691
169.132
167.353
162.584
155.16
145.495
134.061
121.359
107.902
94.1867
80.6796
67.7998
55.9078
45.2979
36.1941
28.75
23.0509
19.1199
16.9248
16.3871
17.3918
19.7977
23.4468
28.1737
33.8138
40.2101
47.2183
54.7109
62.5795
70.7353
79.1092
87.65
96.3221
105.103
113.979
122.942
131.99
141.117
150.318
159.58
168.887
178.215
187.534
196.808
205.994
215.047
223.916
232.553
240.909
248.938
256.598
263.854
270.678
277.051
282.961
288.409
293.402
297.958
302.104
305.874
309.309
312.456
315.363
318.084
320.67
323.172
325.637
328.108
330.621
333.201
335.867
338.625
341.471
344.387
347.346
350.307
353.221
356.027
358.66
361.047
363.113
364.783
365.985
366.655
366.733
366.177
364.954
363.05
360.468
357.23
353.377
348.966
344.073
338.787
333.208
327.444
321.606
315.806
310.149
304.731
299.635
294.927
290.652
286.835
283.477
280.559
278.04
275.861
273.949
272.22
270.584
268.954
267.246
265.386
263.319
261.007
258.432
255.604
252.553
249.331
246.008
242.668
239.403
236.302
233.45
230.914
228.739
226.937
225.488
224.33
223.358
222.428
221.358
219.934
217.921
215.07
211.136
205.889
199.132
190.715
180.551
168.627
155.018
139.892
123.512
106.242
88.5329
70.9197
54.0023
38.4287
24.8718
14.0041
6.47069
2.86095
3.68127
9.32902
20.0695
36.0167
57.1194
83.1524
113.714
148.232
185.973
226.06
267.499
309.205
350.036
388.831
424.448
455.806
481.918
501.934
515.172
521.143
519.581
510.45
493.961
470.566
440.951
406.024
366.885
324.799
281.156
237.43
195.128
155.742
120.7
91.3124
68.7255
53.8771
47.4589
49.885
61.2693
81.4135
109.804
145.621
187.757
234.852
285.33
337.448
389.363
439.186
485.058
525.22
558.079
582.278
596.754
600.793
594.067
576.662
549.09
512.282
467.567
416.629
361.454
304.25
247.37
193.208
144.101
102.22
69.4743
47.4078
37.1218
39.2059
53.693
80.0371
117.119
163.277
216.368
273.856
332.915
390.566
443.81
489.786
525.913
550.04
560.569
556.561
537.822
504.943
459.312
403.087
339.132
270.909
202.348
137.681
81.2621
37.3716
10.0165
2.73927
18.4407
59.226
126.282
219.795
338.902
481.698
645.281
825.839
1018.78
1218.91
1420.59
1617.98
1805.25
1976.78
2127.41
2252.59
2348.59
2412.6
2442.84
2438.62
2400.36
2329.55
2228.66
2101.06
1950.89
1782.85
1602.06
1413.85
1223.54
1036.31
856.939
689.73
538.319
405.596
293.628
203.625
135.935
90.0796
64.8129
58.2136
67.7969
90.6447
123.547
163.151
206.104
249.197
289.492
324.43
351.927
370.435
378.987
377.207
365.303
344.026
314.611
278.696
238.235
195.381
152.385
111.48
74.7726
44.1456
21.1718
7.04471
2.52896
7.93153
23.095
47.4123
79.8622
119.063
163.341
210.814
259.474
307.288
352.28
392.627
426.725
453.264
471.272
480.149
479.684
470.051
451.788
425.762
393.121
355.235
#5
166.017
100.861
66.2288
69.6835
117.86
216.107
368.161
575.883
839.055
1155.27
1519.89
1926.13
2365.21
2826.6
3298.39
3767.65
4220.93
4644.77
5026.16
5353.12
5615.12
5803.56
5912.07
5936.87
5876.84
5733.68
5511.79
5218.17
4862.12
4454.9
4009.29
3539.1
3058.66
2582.24
2123.53
1695.12
1308.09
971.558
692.444
475.239
321.921
231.966
202.463
228.32
302.567
416.71
561.155
725.647
899.733
1073.21
1236.53
1381.23
1500.15
1587.78
1640.36
1655.97
1634.55
1577.76
1488.91
1372.64
1234.73
1081.73
920.668
758.706
602.799
459.402
334.199
231.881
155.979
108.75
91.1298
102.744
141.974
206.08
291.359
393.348
507.042
627.129
748.235
865.145
973.024
1067.6
1145.32
1203.48
1240.25
1254.8
1247.2
1218.41
1170.23
1105.14
1026.19
936.823
840.769
741.829
643.743
550.039
463.911
388.104
324.839
275.753
241.875
223.624
220.828
232.777
258.284
295.765
343.327
398.868
460.167
524.984
591.141
656.602
719.534
778.358
831.784
878.829
918.821
951.39
976.449
994.158
1004.89
1009.19
1007.71
1001.21
990.454
976.215
959.224
940.149
919.569
897.968
875.723
853.112
830.317
807.437
784.503
761.497
738.369
715.056
691.5
667.662
643.531
619.137
594.553
569.897
545.325
521.035
497.248
474.204
452.151
431.329
411.964
394.253
378.358
364.397
352.44
342.509
334.574
328.561
324.353
321.799
320.721
320.925
322.21
324.376
327.236
330.622
334.392
338.436
342.678
347.077
351.627
356.355
361.315
366.585
372.257
378.435
385.222
392.717
401.005
410.155
420.212
431.191
443.08
455.837
469.385
483.622
498.415
513.61
529.03
544.485
559.771
574.68
589
602.521
615.039
626.357
636.292
644.674
651.348
656.178
659.047
659.858
658.537
655.031
649.314
641.384
631.266
619.011
604.701
588.444
570.376
550.662
529.489
507.071
483.639
459.44
434.733
409.78
384.846
360.188
336.052
312.665
290.234
268.938
248.925
230.316
213.194
197.614
183.601
171.151
160.238
150.817
142.829
136.203
130.864
126.735
123.738
121.798
120.841
120.794
121.581
123.122
125.33
128.103
131.323
134.851
138.528
142.171
145.574
148.518
150.767
152.087
152.247
151.039
148.285
143.858
137.691
129.794
120.26
109.281
97.149
84.2569
71.0963
58.2484
46.3701
36.1753
28.4116
23.8329
23.1693
27.0954
36.1968
50.9391
71.638
98.4332
131.268
169.873
213.763
262.231
314.365
369.061
425.048
480.928
535.211
586.367
632.875
673.274
706.224
730.554
745.311
749.81
743.666
726.821
699.565
662.541
616.735
563.461
504.324
441.183
376.087
311.218
248.816
191.102
140.199
98.0493
66.3448
46.4505
39.3468
45.5793
65.2239
97.8684
142.611
198.079
262.463
333.574
408.913
485.762
561.277
632.602
696.977
751.858
795.022
824.67
839.518
838.864
822.636
791.421
746.458
689.609
623.296
550.416
474.231
398.229
325.977
260.961
206.422
165.191
139.546
131.08
140.593
168.024
212.42
271.939
343.906
424.906
510.927
597.534
680.074
753.911
814.672
858.49
882.245
883.781
862.091
817.452
751.513
667.321
569.277
463.025
355.279
253.583
#6
99.3222
109.74
118.274
124.713
128.969
131.068
131.142
129.407
126.144
121.683
116.378
110.586
104.65
98.8826
93.5537
88.88
85.0203
82.0734
80.0796
79.0256
78.851
79.4572
80.7175
82.4875
84.615
86.95
89.3524
91.6993
93.8892
95.8459
97.5188
98.8828
99.936
100.696
101.197
101.481
101.599
101.6
101.529
101.426
101.317
101.216
101.124
101.029
100.903
100.711
100.406
99.9393
99.2572
98.3082
97.0453
95.4291
93.4306
91.0333
88.2346
85.0473
81.4994
77.6343
73.5094
69.1954
64.7737
60.3348
55.9755
51.7963
47.8989
44.3832
41.3452
38.8739
37.0501
35.9437
35.6127
36.1017
37.4412
39.6475
42.7219
46.6515
51.4094
56.9558
63.2388
70.1958
77.7548
85.8362
94.354
103.218
112.335
121.612
130.954
140.271
149.475
158.483
167.218
175.611
183.601
191.134
198.166
204.664
210.603
215.968
220.752
224.96
228.602
231.7
234.279
236.374
238.023
239.271
240.164
240.754
241.092
241.231
241.224
241.125
240.981
240.842
240.752
240.75
240.872
241.147
241.599
242.246
243.098
244.157
245.421
246.876
248.503
250.276
252.16
254.113
256.087
258.028
259.877
261.568
263.033
264.203
265.006
265.369
265.221
264.494
263.125
261.055
258.233
254.615
250.17
244.875
238.72
231.708
223.856
215.194
205.767
195.632
184.86
173.537
161.758
149.627
137.261
124.78
112.312
99.9863
87.9341
76.2856
65.1679
54.7028
45.0051
36.1808
28.3251
21.5215
15.8397
11.3356
8.04953
6.0063
5.21477
5.66782
7.34263
10.2012
14.1912
19.2469
25.2905
32.2336
39.9786
48.4208
57.45
66.9525
76.8125
86.9144
97.1442
107.39
117.546
127.509
137.183
146.477
155.307
163.593
171.262
178.246
184.481
189.907
194.469
198.115
200.798
202.476
203.114
202.683
201.168
198.564
194.88
190.145
184.408
177.739
170.233
162.009
153.212
144.01
134.593
125.168
115.956
107.183
99.0764
91.8539
85.7162
80.8375
77.3574
75.372
74.9275
76.0138
78.5613
82.4391
87.4564
93.3655
99.8693
106.63
113.281
119.442
124.733
128.796
131.307
131.999
130.675
127.229
121.652
114.044
104.622
93.715
81.7653
69.3146
56.9908
45.4878
35.5401
27.8948
23.2795
22.3692
25.7517
33.895
47.1163
65.5555
89.1535
117.639
150.519
187.087
226.429
267.449
308.899
349.42
387.59
421.978
451.203
473.996
489.26
496.13
494.021
482.679
462.208
433.096
396.217
352.826
304.528
253.24
201.131
150.553
103.955
63.7974
32.4471
12.086
4.61247
11.5537
33.9875
72.4795
127.038
197.088
281.471
378.465
485.827
600.86
720.498
841.412
960.118
1073.11
1176.98
1268.55
1344.98
1403.88
1443.43
1462.38
1460.17
1436.91
1393.37
1330.98
1251.76
1158.22
1053.29
940.203
822.354
703.198
586.11
474.266
370.532
277.372
196.766
130.162
78.4352
41.8838
20.2426
12.7193
18.0505
34.5746
60.3179
93.0887
130.577
170.455
210.469
248.529
282.787
311.693
334.044
349.014
356.16
355.421
347.09
331.783
310.387
284.003
253.885
221.373
187.827
154.568
122.817
93.6526
67.9693
46.4519
29.5598
17.5222
10.3457
7.82948
9.59132
15.0982
23.7026
34.6811
47.2737
60.7215
74.3015
87.357
#7
2461.62
2487.55
2475.1
2424.11
2336.2
2214.75
2064.86
1893.14
1707.48
1516.77
1330.52
1158.47
1010.16
894.505
819.41
791.367
815.151
893.566
1027.27
1214.72
1452.14
1733.68
2051.6
2396.52
2757.85
3124.13
3483.51
3824.22
4134.99
4405.54
4626.91
4791.87
4895.08
4933.35
4905.66
4813.22
4659.27
4449.01
4189.27
3888.21
3555.01
3199.41
2831.4
2460.78
2096.82
1747.97
1421.54
1123.57
858.631
629.771
438.535
285.01
167.947
84.9309
32.5793
6.7753
2.90722
16.1122
41.5087
74.4105
110.512
146.038
177.861
203.572
221.513
230.773
231.151
223.083
207.55
185.97
160.075
131.787
103.092
75.9289
52.0862
33.1131
20.2538
14.3995
16.0622
25.3677
42.069
65.5745
94.992
129.182
166.821
206.464
246.617
285.795
322.589
355.717
384.067
406.734
423.048
432.583
435.161
430.851
419.949
402.956
380.555
353.57
322.935
289.658
254.78
219.342
184.352
150.755
119.408
91.0614
66.342
45.7437
29.6225
18.1954
11.5447
9.62498
12.2731
19.2212
30.1106
44.5074
61.9186
81.8075
103.61
126.748
150.644
174.736
198.482
221.376
242.955
262.802
280.556
295.912
308.628
318.52
325.47
329.42
330.369
328.375
323.549
316.047
306.071
293.858
279.675
263.814
246.582
228.298
209.281
189.85
170.312
150.961
132.072
113.897
96.6613
80.5651
65.779
52.4451
40.6775
30.5633
22.1639
15.5173
10.6395
7.52698
6.15827
6.49606
8.48853
12.0708
17.1659
23.6859
31.5321
40.5965
50.7618
61.9024
73.8853
86.5713
99.8165
113.474
127.394
141.431
155.439
169.279
182.822
195.946
208.543
220.518
231.794
242.308
252.016
260.889
268.918
276.109
282.483
288.076
292.938
297.128
300.716
303.78
306.406
308.682
310.7
312.557
314.348
316.167
318.106
320.256
322.701
325.518
328.776
332.537
336.848
341.745
347.251
353.37
360.094
367.394
375.225
383.525
392.217
401.206
410.385
419.636
428.832
437.842
446.532
454.769
462.427
469.387
475.542
480.802
485.093
488.361
490.573
491.719
491.81
490.879
488.981
486.191
482.598
478.308
473.441
468.124
462.49
456.675
450.817
445.048
439.497
434.282
429.51
425.276
421.658
418.715
416.49
415.002
414.249
414.206
414.826
416.038
417.749
419.848
422.204
424.673
427.103
429.338
431.227
432.632
433.435
433.55
432.932
431.589
429.589
427.069
424.244
421.41
418.945
417.309
417.04
418.742
423.072
430.724
442.401
458.8
480.569
508.289
542.432
583.333
631.158
685.874
747.229
814.729
887.632
964.941
1045.41
1127.57
1209.75
1290.09
1366.64
1437.37
1500.25
1553.31
1594.73
1622.88
1636.43
1634.37
1616.1
1581.47
1530.79
1464.91
1385.14
1293.3
1191.64
1082.81
969.802
855.819
744.214
638.358
541.528
456.787
386.86
334.029
300.029
285.964
292.251
318.574
363.881
426.399
503.685
592.706
689.943
791.524
893.379
991.399
1081.62
1160.39
1224.55
1271.56
1299.69
1308.06
1296.73
1266.74
1220.09
1159.68
1089.2
1012.97
935.805
862.759
798.917
749.143
717.842
708.726
724.601
767.202
837.052
933.387
1054.13
1195.94
1354.31
1523.71
1697.84
1869.86
2032.72
2179.44
2303.51
2399.14
#8
18.6727
28.9028
43.0949
60.2352
79.2603
99.1051
118.747
137.247
153.779
167.661
178.372
185.559
189.044
188.819
185.032
177.972
168.048
155.765
141.694
126.449
110.657
94.9323
79.8542
65.9468
53.662
43.3668
35.3359
29.7469
26.6809
26.1259
27.9839
32.0807
38.1777
45.9847
55.1746
65.3969
76.2916
87.5021
98.6868
109.529
119.744
129.087
137.355
144.391
150.083
154.365
157.21
158.632
158.678
157.424
154.97
151.435
146.95
141.656
135.698
129.221
122.365
115.267
108.052
100.838
93.7289
86.8175
80.1839
73.8954
68.0067
62.5606
57.5887
53.1123
49.1432
45.6853
42.7355
40.285
38.3209
36.8276
35.7877
35.1839
34.9999
35.2216
35.838
36.8419
38.2303
40.0051
42.172
44.7411
47.7256
51.1405
55.0022
59.3259
64.1247
69.4078
75.1781
81.4316
88.1551
95.3253
102.908
110.858
119.118
127.62
136.285
145.026
153.748
162.351
170.73
178.781
186.399
193.486
199.947
205.696
210.659
214.773
217.986
220.264
221.585
221.945
221.352
219.831
217.419
214.168
210.14
205.406
200.046
194.147
187.797
181.089
174.115
166.965
159.724
152.473
145.287
138.231
131.362
124.727
118.364
112.301
106.556
101.138
96.0485
91.2809
86.8231
82.6575
78.7629
75.1153
71.6892
68.4583
65.3967
62.4796
59.6835
56.987
54.3709
51.8182
49.3146
46.848
44.4087
41.9893
39.5846
37.1916
34.8095
32.4396
30.0854
27.7528
25.4496
23.1861
20.9746
18.8293
16.7659
14.8014
12.9535
11.2395
9.67646
8.2795
7.06148
6.03207
5.197
4.55746
4.1097
3.84479
3.74867
3.80252
3.98335
4.265
4.61933
5.01771
5.43277
5.84021
6.22075
6.56209
6.86075
7.12375
7.37
7.63132
7.95302
8.39394
9.02585
9.93227
11.2066
12.9494
15.2654
18.2595
22.0322
26.675
32.2654
38.8614
46.4961
55.1736
64.864
75.4997
86.9735
99.1366
111.799
124.731
137.668
150.313
162.347
173.436
183.242
191.435
197.707
201.782
203.435
202.501
198.888
192.588
183.684
172.356
158.88
143.627
127.057
109.703
92.1615
75.0669
59.0709
44.8158
32.9062
23.8805
18.183
16.1381
17.9281
23.5764
32.9365
45.6891
61.3467
79.2678
98.6789
118.705
138.409
156.833
173.048
186.203
195.574
200.608
200.966
196.548
187.518
174.309
157.615
138.372
117.72
96.9553
77.4717
60.6889
47.9798
40.5929
39.5788
45.7218
59.4819
80.9515
109.829
145.409
186.6
231.956
279.73
327.953
374.516
417.275
454.158
483.275
503.02
512.173
509.981
496.218
471.229
435.946
391.87
341.034
285.935
229.44
174.676
124.894
83.3346
53.0791
36.9055
37.1544
55.6078
93.3897
150.892
227.73
322.729
433.95
558.737
693.81
835.373
979.256
1121.07
1256.37
1380.82
1490.41
1581.52
1651.16
1697.02
1717.6
1712.25
1681.19
1625.51
1547.11
1448.65
1333.39
1205.11
1067.93
926.15
784.101
645.964
515.621
396.521
291.557
202.981
132.338
80.4385
47.3544
32.4527
34.4522
51.5058
81.3025
121.184
168.272
219.593
272.211
323.338
370.449
411.364
444.32
468.022
481.662
484.93
477.99
461.445
436.281
403.802
365.555
323.241
278.638
233.518
189.569
148.33
111.132
79.0584
52.9107
33.1956
20.1217
13.6106
13.3193
#9
819.858
1009.47
1200.37
1384.7
1554.49
1702
1820.14
1902.86
1945.43
1944.83
1899.94
1811.71
1683.25
1519.78
1328.53
1118.49
900.1
684.837
484.757
311.966
178.083
93.6926
67.8361
107.542
217.438
399.457
652.653
973.143
1354.18
1786.33
2257.82
2754.94
3262.59
3764.83
4245.52
4689
5080.67
5407.58
5658.97
5826.69
5905.49
5893.21
5790.87
5602.53
5335.17
4998.27
4603.5
4164.11
3694.46
3209.4
2723.68
2251.41
1805.49
1397.21
1035.88
728.528
479.752
291.68
164.009
94.1516
77.4821
107.642
176.911
276.609
397.52
530.314
665.949
796.033
913.145
1011.09
1085.07
1131.84
1149.69
1138.47
1099.48
1035.3
949.608
846.96
732.513
611.768
490.3
373.51
266.392
173.333
97.9537
42.9874
10.2057
0.38908
13.3405
47.9389
102.229
173.539
258.625
353.823
455.217
558.807
660.662
757.077
844.694
920.616
982.492
1028.57
1057.75
1069.54
1064.1
1042.16
1004.96
954.189
891.894
820.38
742.118
659.643
575.466
491.99
411.434
335.773
266.69
205.544
153.349
110.772
78.1357
55.4437
42.4044
38.4691
42.8724
54.6775
72.8216
96.1611
123.515
153.703
185.584
218.079
250.201
281.071
309.929
336.142
359.207
378.748
394.511
406.354
414.243
418.233
418.462
415.135
408.514
398.907
386.654
372.12
355.684
337.732
318.647
298.804
278.565
258.27
238.234
218.746
200.061
182.398
165.94
150.833
137.182
125.056
114.486
105.466
97.9608
91.9025
87.1995
83.7389
81.3906
80.0129
79.4567
79.5698
80.2017
81.2071
82.4491
83.8021
85.1537
86.4066
87.4789
88.3052
88.8358
89.0364
88.8874
88.383
87.5296
86.3452
84.8581
83.1062
81.136
79.0023
76.7678
74.503
72.2858
70.2015
68.3427
66.8089
65.7056
65.144
65.2388
66.1071
67.8657
70.6284
74.5031
79.5879
85.9676
93.71
102.861
113.444
125.452
138.849
153.566
169.501
186.519
204.452
223.1
242.238
261.617
280.969
300.015
318.468
336.045
352.467
367.473
380.822
392.299
401.724
408.953
413.883
416.452
416.643
414.484
410.041
403.422
394.771
384.262
372.093
358.486
343.674
327.899
311.402
294.423
277.189
259.915
242.795
226.003
209.686
193.968
178.945
164.689
151.247
138.641
126.877
115.939
105.801
96.4227
87.757
79.7518
72.3522
65.5033
59.152
53.2482
47.7462
42.6048
37.7885
33.2669
29.0157
25.016
21.2554
17.7285
14.4375
11.3937
8.61922
6.14876
4.03165
2.33397
1.1404
0.555804
0.706084
1.73825
3.81942
7.13448
11.8824
18.2711
26.5106
36.8046
49.3414
64.283
81.7537
101.829
124.522
149.776
177.452
207.323
239.065
272.262
306.398
340.867
374.984
407.993
439.086
467.427
492.174
512.509
527.664
536.96
539.832
535.863
524.816
506.653
481.562
449.968
412.541
370.196
324.081
275.557
226.167
177.599
131.631
90.0756
54.7174
27.2396
9.15374
1.72777
5.91765
22.3056
51.0481
91.8377
143.88
205.89
276.108
352.34
432.016
512.274
590.06
662.247
725.769
777.758
815.683
837.494
841.743
827.695
795.41
745.801
680.645
602.566
514.973
421.955
328.133
238.487
158.144
92.1426
45.1972
21.4483
24.2312
55.8654
117.479
208.877
328.473
473.27
638.922
#10
178.498
133.88
94.7961
62.1155
36.3612
17.7142
6.0326
0.883879
1.58806
7.26871
16.909
29.4099
43.6475
58.5275
73.0331
86.2669
97.4826
106.109
111.76
114.243
113.548
109.836
103.417
94.7244
84.285
72.6865
60.5457
48.4769
37.0635
26.8334
18.2384
11.6391
7.29509
5.36054
5.88488
8.81812
14.0201
21.2729
30.2955
40.76
52.308
64.5672
77.1665
89.7496
101.987
113.585
124.294
133.909
142.276
149.29
154.894
159.072
161.848
163.278
163.448
162.459
160.433
157.495
153.777
149.41
144.518
139.22
133.624
127.824
121.905
115.938
109.979
104.075
98.2608
92.56
86.9891
81.5572
76.2682
71.1226
66.1189
61.2558
56.5332
51.9541
47.5255
43.2598
39.1749
35.2957
31.6532
28.2852
25.2353
22.5524
20.2897
18.5033
17.251
16.5902
16.5768
17.2631
18.6964
20.9171
23.9577
27.8413
32.5809
38.1782
44.6237
51.8963
59.9633
68.7808
78.2945
88.4401
99.1446
110.327
121.9
133.77
145.841
158.011
170.179
182.244
194.101
205.653
216.801
227.452
237.518
246.914
255.565
263.401
270.361
276.393
281.453
285.51
288.539
290.53
291.482
291.404
290.318
288.256
285.259
281.379
276.676
271.217
265.076
258.333
251.069
243.37
235.32
227.003
218.501
209.891
201.246
192.632
184.108
175.726
167.531
159.559
151.839
144.394
137.241
130.389
123.846
117.616
111.702
106.104
100.824
95.8641
91.2286
86.9237
82.9577
79.3413
76.0868
73.2079
70.719
68.6337
66.9646
65.721
64.909
64.5289
64.575
65.0341
65.8846
67.0952
68.625
70.4223
72.425
74.5602
76.7452
78.8877
80.8878
82.6391
84.0318
84.9547
85.2996
84.9646
83.8593
81.9095
79.0627
75.2939
70.6107
65.059
58.7273
51.7503
44.3116
36.6441
29.0293
21.7931
15.3011
9.94946
6.15473
4.34063
4.92297
8.29296
14.7994
24.7305
38.2957
55.6093
76.6755
101.376
129.465
160.558
194.141
229.575
266.102
302.871
338.955
373.379
405.155
433.31
456.926
475.173
487.349
492.905
491.48
482.92
467.3
444.924
416.336
382.305
343.811
302.022
258.256
213.941
170.573
129.657
92.6586
60.9481
35.7437
18.0634
8.67844
8.07569
16.4288
33.58
59.0341
91.9649
131.235
175.43
222.903
271.83
320.28
366.286
407.927
443.404
471.127
489.785
498.413
496.453
483.789
460.776
428.245
387.487
340.216
288.518
234.768
181.545
131.521
87.3455
51.5249
26.302
13.5399
14.6186
30.3483
60.9045
105.789
163.823
233.166
311.374
395.485
482.134
567.691
648.424
720.669
781.009
826.445
854.565
863.679
852.941
822.424
773.162
707.149
627.286
537.294
441.571
345.027
252.878
170.422
102.802
54.7733
30.4715
33.2098
65.3031
127.934
221.064
343.4
492.412
664.409
854.664
1057.59
1266.94
1476.09
1678.24
1866.73
2035.31
2178.35
2291.11
2369.89
2412.18
2416.76
2383.73
2314.48
2211.63
2078.88
1920.89
1743.04
1551.23
1351.61
1150.37
953.464
766.432
594.175
440.803
309.514
202.515
120.984
65.0822
34.0044
26.0654
38.8216
69.215
113.736
168.595
229.894
293.797
356.681
415.269
466.75
508.851
539.904
558.862
565.305
559.403
541.867
513.874
476.981
433.026
384.025
332.07
279.227
227.449
#11
57.1441
49.7796
62.4585
96.1397
150.76
225.183
317.205
423.608
540.276
662.35
784.446
900.892
1006.01
1094.4
1161.22
1202.49
1215.32
1198.14
1150.83
1074.84
973.212
850.52
712.758
567.131
421.796
285.532
167.379
76.2332
20.4398
7.38995
43.141
132.083
276.665
477.198
731.745
1036.1
1383.89
1766.73
2174.52
2595.77
3018.06
3428.49
3814.18
4162.8
4463.05
4705.09
4881
4985.04
5013.93
4966.94
4845.92
4655.23
4401.53
4093.48
3741.41
3356.86
2952.12
2539.72
2131.94
1740.35
1375.39
1045.95
759.178
520.176
331.959
195.418
109.395
70.8533
75.1047
116.109
186.809
279.498
386.186
498.969
610.364
713.61
802.913
873.645
922.466
947.389
947.779
924.292
878.765
814.053
733.843
642.431
544.5
444.885
348.351
259.388
182.027
119.69
75.0701
50.0496
45.6572
62.0578
98.5793
153.768
225.475
310.955
406.997
510.052
616.373
722.16
823.691
917.458
1000.28
1069.4
1122.57
1158.15
1175.08
1172.96
1152.04
1113.18
1057.82
987.924
905.906
814.536
716.846
616.027
515.325
417.928
326.869
244.928
174.55
117.77
76.1556
50.77
42.145
50.2775
74.6418
114.219
167.541
232.75
307.666
389.863
476.755
565.679
653.981
739.094
818.618
890.382
952.506
1003.44
1042
1067.39
1079.21
1077.43
1062.41
1034.84
995.7
946.257
887.973
822.474
751.487
676.794
600.175
523.362
447.996
375.589
307.49
244.865
188.674
139.668
98.375
65.1114
39.9847
22.9082
13.6178
11.6923
16.5765
27.605
44.0282
65.0365
89.7856
117.419
147.091
177.982
209.321
240.394
270.559
299.253
325.995
350.394
372.147
391.034
406.921
419.749
429.529
436.337
440.3
441.595
440.434
437.057
431.726
424.715
416.305
406.777
396.405
385.457
374.183
362.823
351.596
340.704
330.33
320.636
311.768
303.851
296.993
291.285
286.8
283.597
281.716
281.183
282.008
284.188
287.7
292.511
298.57
305.813
314.161
323.523
333.796
344.865
356.607
368.891
381.581
394.538
407.621
420.688
433.602
446.231
458.448
470.134
481.182
491.491
500.976
509.563
517.188
523.805
529.377
533.883
537.313
539.671
540.972
541.242
540.518
538.843
536.271
532.858
528.662
523.745
518.163
511.972
505.218
497.939
490.162
481.904
473.164
463.931
454.18
443.874
432.965
421.399
409.116
396.058
382.168
367.399
351.718
335.106
317.567
299.13
279.85
259.811
239.129
217.948
196.445
174.822
153.309
132.155
111.632
92.0237
73.6244
56.7339
41.6524
28.6759
18.0912
10.1721
5.1741
3.33095
4.8499
9.90776
18.6467
31.1699
47.5371
67.7603
91.7985
119.553
150.863
185.499
223.163
263.477
305.987
350.161
395.384
440.966
486.145
530.095
571.941
610.768
645.647
675.656
699.903
717.563
727.901
730.314
724.358
709.783
686.561
654.911
615.315
568.528
515.579
457.758
396.592
333.81
271.296
211.028
155.01
105.196
63.4081
31.2533
10.0461
0.733431
3.83304
19.3857
46.9264
85.4758
133.557
189.234
250.177
313.75
377.119
437.371
491.655
537.316
572.038
593.968
601.832
595.026
573.674
538.661
491.622
434.898
371.446
304.726
238.544
176.877
123.677
82.6678
