-180 0
-179 1
-178 0
-177 6
-176 15
-175 24
-174 67
-173 107
-172 177
-171 177
-170 157
-169 310
-168 192
-167 197
-166 245
-165 369
-164 284
-163 276
-162 258
-161 296
-160 290
-159 292
-158 370
-157 390
-156 506
-155 1016
-154 2557
-153 1170
-152 634
-151 474
-150 431
-149 399
-148 382
-147 398
-146 356
-145 359
-144 431
-143 429
-142 448
-141 448
-140 466
-139 487
-138 486
-137 571
-136 517
-135 546
-134 446
-133 457
-132 430
-131 489
-130 460
-129 482
-128 578
-127 666
-126 580
-125 444
-124 482
-123 550
-122 585
-121 545
-120 525
-119 594
-118 513
-117 443
-116 555
-115 620
-114 577
-113 452
-112 476
-111 581
-110 504
-109 494
-108 523
-107 584
-106 657
-105 625
-104 712
-103 879
-102 814
-101 717
-100 765
-99 712
-98 758
-97 794
-96 1078
-95 1353
-94 1315
-93 1207
-92 1144
-91 1222
-90 1132
-89 905
-88 926
-87 858
-86 848
-85 943
-84 1069
-83 1191
-82 1022
-81 912
-80 1216
-79 1467
-78 1566
-77 1400
-76 1404
-75 1527
-74 1758
-73 1840
-72 1894
-71 1769
-70 1559
-69 1534
-68 1430
-67 1416
-66 1392
-65 1393
-64 1276
-63 1185
-62 1342
-61 1271
-60 1039
-59 1079
-58 1133
-57 1169
-56 1094
-55 1018
-54 855
-53 776
-52 818
-51 919
-50 998
-49 1008
-48 1469
-47 1184
-46 1079
-45 1103
-44 1104
-43 1068
-42 982
-41 798
-40 884
-39 922
-38 864
-37 860
-36 881
-35 925
-34 877
-33 925
-32 990
-31 1067
-30 1107
-29 958
-28 950
-27 934
-26 1002
-25 1051
-24 997
-23 1008
-22 1125
-21 1092
-20 1285
-19 1076
-18 1051
-17 1037
-16 918
-15 906
-14 1014
-13 750
-12 786
-11 878
-10 876
-9 821
-8 838
-7 818
-6 780
-5 817
-4 832
-3 885
-2 872
-1 857
0 1809
1 836
2 948
3 913
4 986
5 892
6 914
7 817
8 801
9 726
10 816
11 829
12 790
13 707
14 749
15 723
16 743
17 797
18 875
19 992
20 967
21 906
22 916
23 1038
24 1300
25 2135
26 1378
27 1029
28 894
29 873
30 964
31 766
32 835
33 722
34 689
35 663
36 564
37 610
38 588
39 601
40 625
41 595
42 628
43 602
44 600
45 630
46 604
47 676
48 689
49 531
50 498
51 557
52 539
53 619
54 600
55 560
56 621
57 616
58 700
59 597
60 600
61 646
62 730
63 825
64 928
65 1359
66 958
67 773
68 596
69 576
70 584
71 616
72 653
73 680
74 698
75 841
76 915
77 960
78 952
79 969
80 1083
81 1003
82 870
83 902
84 1229
85 1310
86 982
87 988
88 1124
89 890
90 975
91 1007
92 907
93 1003
94 887
95 886
96 833
97 921
98 929
99 973
100 1076
101 1070
102 1129
103 1253
104 1368
105 1380
106 1417
107 1534
108 1613
109 1574
110 1418
111 1317
112 1385
113 1293
114 1151
115 1034
116 1430
117 1473
118 1551
119 1065
120 898
121 869
122 1007
123 1017
124 1021
125 1114
126 1131
127 1216
128 1047
129 856
130 806
131 806
132 961
133 735
134 799
135 991
136 1073
137 1020
138 852
139 679
140 848
141 815
142 757
143 777
144 769
145 945
146 762
147 726
148 680
149 676
150 680
151 709
152 606
153 620
154 597
155 627
156 642
157 618
158 571
159 553
160 425
161 344
162 418
163 299
164 349
165 318
166 304
167 184
168 143
169 120
170 129
171 138
172 92
173 57
174 42
175 19
176 16
177 7
178 3
179 0
