-159 1
-156 1
-153 1
-148 1
-143 1
-142 1
-141 1
-140 1
-139 3
-138 2
-137 3
-136 5
-135 2
-134 11
-133 10
-132 11
-131 12
-130 24
-129 40
-128 45
-127 35
-126 36
-125 54
-124 84
-123 82
-122 68
-121 70
-120 73
-119 79
-118 55
-117 39
-116 36
-115 37
-114 45
-113 60
-112 105
-111 83
-110 140
-109 219
-108 272
-107 299
-106 299
-105 317
-104 364
-103 387
-102 397
-101 515
-100 1800
-99 5537
-98 4358
-97 1711
-96 1835
-95 1308
-94 732
-93 621
-92 415
-91 324
-90 257
-89 169
-88 214
-87 239
-86 377
-85 371
-84 403
-83 319
-82 290
-81 282
-80 281
-79 351
-78 361
-77 357
-76 245
-75 152
-74 127
-73 70
-72 61
-71 49
-70 46
-69 59
-68 45
-67 34
-66 34
-65 38
-64 46
-63 28
-62 28
-61 23
-60 14
-59 14
-58 7
-57 6
-56 6
-55 8
-54 5
-53 8
-52 7
-51 2
-50 6
-49 1
-48 1
-47 2
-46 1
-45 1
-41 1
-35 1
-31 1
-29 1
-11 1
29 1
78 1
79 37
80 215
81 162
82 31
83 75
84 36
85 4
166 1
