#1
381.825
347.866
311.384
273.705
236.378
201.123
169.773
144.196
126.218
117.53
119.605
133.606
160.309
200.038
252.611
317.306
392.862
477.485
568.9
664.416
761.026
855.52
944.621
1025.14
1094.1
1148.94
1187.62
1208.73
1211.66
1196.59
1164.57
1117.53
1058.17
989.918
916.791
843.205
773.791
713.171
665.724
635.355
625.272
637.791
674.172
734.502
817.629
921.164
1041.53
1174.11
1313.38
1453.22
1587.12
1708.57
1811.32
1889.81
1939.38
1956.68
1939.83
1888.65
1804.72
1691.46
1554.05
1399.26
1235.2
1071.08
916.717
782.208
677.408
611.483
592.452
626.766
718.943
871.284
1083.68
1353.5
1675.65
2042.67
2444.97
2871.19
3308.62
3743.67
4162.41
4551.14
4896.93
5188.12
5414.81
5569.26
5646.16
5642.85
5559.4
5398.56
5165.64
4868.26
4516.01
4120.03
3692.55
3246.43
2794.59
2349.57
1923.08
1525.54
1165.82
850.91
585.82
373.456
214.654
108.27
51.3541
39.3829
66.5465
126.068
210.541
312.274
423.618
537.272
646.556
745.632
829.677
895.007
939.135
960.784
959.845
937.291
895.056
835.877
763.124
680.613
592.411
502.653
415.361
334.29
262.784
203.669
159.164
130.827
119.526
125.442
148.089
186.37
238.636
302.777
376.314
456.499
540.429
625.147
707.745
785.466
855.784
916.482
965.715
1002.05
1024.52
1032.58
1026.2
1005.74
972.034
926.248
869.89
804.731
732.738
656.008
576.694
496.937
418.798
344.198
274.863
212.279
157.654
111.895
75.5925
49.0162
32.1236
24.5762
25.7657
34.8479
50.7827
72.3784
98.3397
127.315
157.947
188.915
218.978
247.012
272.042
293.264
310.061
322.016
328.908
330.713
327.586
319.849
307.966
292.515
274.167
253.649
231.717
209.131
186.623
164.879
144.513
126.058
109.945
96.5037
85.9567
78.4183
73.9011
72.3235
73.5196
77.2522
83.2262
91.103
100.516
111.083
122.423
134.163
145.955
157.479
168.453
178.636
187.833
195.894
202.715
208.236
212.437
215.336
216.982
217.452
216.846
215.284
212.895
209.822
206.211
202.212
197.975
193.652
189.391
185.338
181.636
178.428
175.851
174.045
173.144
173.281
174.587
177.187
181.2
186.738
193.901
202.774
213.425
225.898
240.214
256.361
274.296
293.941
315.178
337.852
361.769
386.697
412.369
438.487
464.726
490.741
516.173
540.659
563.836
585.357
604.89
622.133
636.823
648.734
657.692
663.576
666.318
665.909
662.395
655.876
646.505
634.477
620.028
603.427
584.965
564.947
543.687
521.496
498.672
475.498
452.231
429.099
406.298
383.985
362.285
341.286
321.042
301.58
282.903
264.995
247.831
231.379
215.611
200.509
186.071
172.313
159.277
147.031
135.669
125.311
116.1
108.196
101.771
96.9984
94.0491
93.0779
94.2153
97.5586
103.162
111.032
121.118
133.311
147.443
163.287
180.562
198.941
218.058
237.526
256.941
275.909
294.051
311.029
326.551
340.393
352.404
362.52
370.759
377.233
382.133
385.726
388.341
390.352
392.156
394.154
396.722
400.189
404.813
410.759
418.08
426.705
436.431
446.923
457.716
468.236
477.816
485.727
491.214
493.534
492.003
486.038
475.203
459.254
438.171
412.191
#2
681.856
648.916
609.821
565.131
515.599
462.16
405.929
348.179
290.32
233.865
180.387
131.477
88.6873
53.4743
27.1385
10.7636
5.15888
10.8058
27.814
55.8876
94.3067
141.925
197.184
258.152
322.578
387.967
451.673
511.009
563.363
606.323
637.806
656.175
660.345
649.872
625.018
586.781
536.894
477.784
412.495
344.573
277.914
216.59
164.645
125.884
103.659
100.662
118.741
158.75
220.435
302.375
401.99
515.595
638.529
765.343
890.042
1006.37
1108.13
1189.54
1245.54
1272.16
1266.78
1228.4
1157.77
1057.53
932.189
788.05
633.011
476.295
328.094
199.145
100.248
41.7668
33.1186
82.2806
195.344
376.135
625.921
943.224
1323.75
1760.44
2243.66
2761.49
3300.1
3844.33
4378.17
4885.43
5350.37
5758.29
6096.17
6353.15
6520.97
6594.31
6571
6452.05
6241.65
5946.94
5577.72
5146.06
4665.74
4151.79
3619.81
3085.42
2563.69
2068.54
1612.33
1205.43
855.905
569.364
348.835
194.801
105.32
76.2351
101.471
173.379
283.14
421.177
577.583
742.535
906.674
1061.44
1199.38
1314.33
1401.61
1458.09
1482.2
1473.92
1434.61
1366.95
1274.65
1162.29
1035.07
898.546
758.382
620.133
489.018
369.733
266.293
181.913
118.921
78.7132
61.7445
67.557
94.8386
141.511
204.841
281.573
368.071
460.467
554.821
647.26
734.126
812.098
878.303
930.402
966.657
985.972
987.906
972.667
941.076
894.516
834.857
764.37
685.627
601.394
514.524
427.849
344.076
265.7
194.917
133.563
83.0681
44.4186
18.1506
4.35241
2.68618
12.4241
32.4963
61.5494
98.0105
140.157
186.184
234.275
282.665
329.695
373.863
413.865
448.623
477.303
499.328
514.374
522.363
523.444
517.972
506.479
489.643
468.255
443.186
415.352
385.686
355.11
324.507
294.703
266.45
240.413
217.161
197.165
180.794
168.316
159.908
155.657
155.57
159.584
167.575
179.368
194.745
213.456
235.228
259.771
286.786
315.966
347.01
379.616
413.492
448.352
483.922
519.937
556.143
592.298
628.168
663.531
698.176
731.901
764.512
795.828
825.678
853.902
880.354
904.9
927.423
947.819
966.006
981.917
995.507
1006.75
1015.65
1022.21
1026.48
1028.52
1028.4
1026.23
1022.1
1016.16
1008.52
999.347
988.772
976.948
964.025
950.147
935.454
920.078
904.142
887.761
871.038
854.067
836.934
819.717
802.485
785.302
768.229
751.325
734.645
718.244
702.18
686.507
671.283
656.563
642.401
628.847
615.946
603.736
592.245
581.49
571.471
562.174
553.566
545.597
538.194
531.268
524.707
518.386
512.161
505.878
499.371
492.473
485.012
476.822
467.746
457.642
446.385
433.873
420.032
404.822
388.231
370.288
351.056
330.636
309.164
286.809
263.773
240.283
216.588
192.953
169.655
146.974
125.19
104.573
85.3815
67.8555
52.2123
38.6435
27.313
18.3555
11.8765
7.95297
6.63525
7.94913
11.8989
18.4703
27.6337
39.3473
53.559
70.2087
89.2294
110.547
134.079
159.735
187.41
216.984
248.318
281.246
315.576
351.078
387.485
424.489
461.737
498.828
535.319
570.721
604.506
636.112
664.954
690.43
711.94
728.894
740.734
746.953
747.11
740.854
727.943
708.265
#3
844.529
855.991
857.561
848.805
829.572
800.028
760.658
712.279
656.024
593.329
525.895
455.648
384.687
315.217
249.48
189.682
137.909
96.0481
65.7145
48.1753
44.2897
54.4577
78.585
116.064
165.774
226.104
294.994
369.996
448.361
527.133
603.27
673.761
735.76
786.716
824.493
847.484
854.706
845.864
821.401
782.497
731.053
669.622
601.318
529.68
458.523
391.751
333.17
286.284
254.103
238.966
242.384
264.921
306.119
364.474
437.46
521.616
612.684
705.804
795.743
877.169
944.943
994.419
1021.74
1024.1
999.992
949.382
873.82
776.485
662.148
537.041
408.66
285.477
176.598
91.3646
38.9203
27.7648
65.3143
157.489
308.353
519.819
791.442
1120.31
1501.04
1925.9
2385.01
2866.65
3357.71
3844.14
4311.49
4745.46
5132.5
5460.33
5718.42
5898.49
5994.75
6004.22
5926.82
5765.35
5525.41
5215.15
4844.92
4426.86
3974.4
3501.75
3023.3
2553.06
2104.19
1688.45
1315.85
994.267
729.274
523.98
379.028
292.681
261.011
278.164
336.706
428.015
542.714
671.11
803.635
931.256
1045.85
1140.51
1209.81
1249.94
1258.85
1236.21
1183.37
1103.21
999.956
878.891
746.108
608.169
471.795
343.547
229.529
135.125
64.7743
21.8001
8.28896
25.0321
71.5226
146.01
245.604
366.427
503.798
652.451
806.758
960.977
1109.48
1246.96
1368.67
1470.55
1549.37
1602.86
1629.72
1629.64
1603.3
1552.28
1478.98
1386.47
1278.35
1158.63
1031.5
901.219
771.912
647.461
531.362
426.618
335.668
260.326
201.764
160.509
136.468
128.979
136.873
158.557
192.104
235.342
285.96
341.595
399.917
458.716
515.959
569.848
618.858
661.762
697.645
725.9
746.217
758.564
763.154
760.416
750.955
735.514
714.934
690.123
662.017
631.553
599.642
567.151
534.887
503.582
473.888
446.373
421.52
399.726
381.307
366.502
355.476
348.327
345.089
345.738
350.199
358.344
370.001
384.959
402.965
423.735
446.952
472.275
499.34
527.766
557.159
587.119
617.243
647.135
676.407
704.689
731.63
756.907
780.229
801.338
820.016
836.087
849.415
859.911
867.527
872.259
874.145
873.26
869.714
863.652
855.244
844.683
832.181
817.965
802.268
785.329
767.384
748.665
729.397
709.789
690.037
670.32
650.796
631.605
612.862
594.666
577.092
560.198
544.024
528.595
513.921
500.005
486.838
474.409
462.704
451.707
441.409
431.8
422.879
414.651
407.13
400.334
394.289
389.027
384.582
380.989
378.281
376.486
375.624
375.704
376.721
378.65
381.449
385.055
389.382
394.321
399.742
405.497
411.418
417.328
423.038
428.357
433.095
437.073
440.123
442.098
442.878
442.37
440.515
437.292
432.715
426.832
419.73
411.524
402.357
392.391
381.804
370.778
359.497
348.134
336.847
325.769
315.008
304.638
294.701
285.2
276.109
267.367
258.892
250.58
242.322
234.003
225.523
216.801
207.788
198.476
188.911
179.193
169.489
160.03
151.114
143.103
136.412
131.502
128.869
129.021
132.465
139.681
151.103
167.093
187.919
213.733
244.551
280.237
320.491
364.84
412.641
463.081
515.19
567.863
619.88
669.94
716.695
758.794
794.928
823.87
