#1
238.07
247.567
256.366
264.192
270.779
275.884
279.297
280.849
280.416
277.926
273.359
266.748
258.176
247.774
235.714
222.202
207.474
191.788
175.412
158.624
141.699
124.904
108.494
92.7082
77.7608
63.843
51.1183
39.721
29.7556
21.2957
14.3839
9.03216
5.2223
2.90652
2.00861
2.42524
4.0277
6.66397
10.1614
14.3298
18.9653
23.855
28.7815
33.5292
37.89
41.6702
44.6969
46.8246
47.9418
47.9762
46.8997
44.7321
41.5429
37.452
32.6284
27.2871
21.6841
16.1098
10.881
6.33071
2.79823
0.617499
0.10567
1.55169
5.20535
11.2673
19.8802
31.1215
44.9977
61.4409
80.3071
101.377
124.356
148.885
174.539
200.84
227.267
253.263
278.254
301.657
322.897
341.424
356.725
368.34
375.881
379.044
377.624
371.526
360.778
345.537
326.096
302.884
276.466
247.537
216.907
185.492
154.289
124.356
96.78
72.6479
53.012
38.8549
31.0534
30.3439
37.2903
52.2555
75.3774
106.552
145.425
191.387
243.583
300.93
362.139
425.748
490.165
553.716
614.691
671.404
722.245
765.736
800.581
825.713
840.33
843.931
836.33
817.671
788.425
749.376
701.6
646.432
585.423
520.29
452.864
385.028
318.662
255.577
197.467
145.848
102.017
67.0148
41.5913
26.1896
20.9346
25.6332
39.7853
62.6036
93.0425
129.835
171.536
216.57
263.286
310.009
355.094
396.984
434.254
465.661
490.183
507.05
515.772
516.149
508.282
492.564
469.668
440.525
406.287
368.288
327.997
286.965
246.766
208.946
174.956
146.104
123.507
108.039
100.305
100.612
108.953
125.01
148.161
177.502
211.882
249.943
290.177
330.98
370.717
407.786
440.681
468.053
488.764
501.93
506.96
503.573
491.815
472.049
444.944
411.441
372.714
330.121
285.147
239.34
194.248
151.358
112.037
77.4778
48.6557
26.2956
10.8494
2.48672
1.09719
6.30581
17.4986
33.8577
54.4047
78.0483
103.636
130.005
156.033
180.683
203.046
222.367
238.076
249.799
257.363
260.793
260.296
256.247
249.159
239.65
228.414
216.183
203.695
191.657
180.719
171.448
164.307
159.644
157.676
158.496
162.068
168.239
176.748
187.248
199.316
212.48
226.237
240.074
253.487
266
277.181
286.657
294.119
299.335
302.148
302.482
300.338
295.789
288.971
280.079
269.353
257.069
243.527
229.039
213.919
198.47
182.981
167.711
152.89
138.706
125.312
112.815
101.283
90.7414
81.1813
72.5607
64.8109
57.8433
51.5555
45.8395
40.5884
35.7039
31.103
26.7238
22.5306
18.5182
14.7138
11.1786
8.00666
5.32312
3.27983
2.0498
1.82003
2.78289
5.12654
9.0245
14.625
22.0404
31.337
42.5264
55.5583
70.3151
86.6097
104.185
122.72
141.831
161.087
180.02
198.141
214.955
229.981
242.773
252.937
260.145
264.157
264.829
262.12
256.102
246.954
234.96
220.499
204.03
186.074
167.197
147.984
129.015
110.846
93.9855
78.8734
65.8686
55.2356
47.1386
41.6388
38.6983
38.1875
39.8971
43.5532
48.8356
55.3965
62.8806
70.9439
79.2708
87.589
95.6803
103.389
110.623
117.358
123.626
129.513
135.148
140.684
146.29
152.136
158.374
165.133
172.499
180.514
189.17
198.402
208.094
218.08
228.153
#2
117.911
130.943
145.2
160.516
176.698
193.529
210.777
228.198
245.546
262.583
279.08
294.828
309.645
323.382
335.923
347.193
357.157
365.822
373.232
379.467
384.641
388.888
392.363
395.233
397.663
399.816
401.839
403.86
405.98
408.267
410.756
413.445
416.294
419.229
422.144
424.908
427.365
429.348
430.685
431.205
430.746
429.167
426.351
422.213
416.706
409.823
401.596
392.102
381.456
369.81
357.344
344.263
330.784
317.13
303.516
290.145
277.189
264.789
253.04
241.989
231.631
221.908
212.711
203.886
195.242
186.564
177.628
168.214
158.128
147.22
135.4
122.657
109.07
94.82
80.1949
65.5879
51.4911
38.4823
27.2049
18.3423
12.587
10.6056
13.0013
20.2769
32.7977
50.759
74.1595
102.781
136.179
173.683
214.405
257.265
301.027
344.335
385.771
423.91
457.381
484.93
505.477
518.168
522.422
517.963
504.838
483.427
454.428
418.834
377.896
333.067
285.944
238.197
191.496
147.439
107.484
72.881
44.6267
23.4193
9.63514
3.31926
4.19175
11.6702
24.906
42.8337
64.229
87.7736
112.123
135.976
158.134
177.561
193.428
205.151
212.408
215.149
213.585
208.176
199.589
188.66
176.349
163.675
151.673
141.327
133.529
129.029
128.402
132.022
140.046
152.41
168.841
188.87
211.862
237.05
263.574
290.526
316.991
342.094
365.034
385.123
401.812
414.707
423.586
428.395
429.247
426.403
420.254
411.295
400.087
387.234
373.341
358.985
344.686
330.879
317.899
305.965
295.177
285.517
276.857
268.976
261.582
254.335
246.878
238.861
229.978
219.983
208.721
196.136
182.29
167.359
151.634
135.504
119.444
103.983
89.6862
77.1129
66.7913
59.1844
54.6612
53.4727
55.7331
61.4078
70.3098
82.1037
96.3177
112.362
129.558
147.161
164.405
180.529
194.815
206.623
215.417
220.792
222.487
220.397
214.578
205.237
192.723
177.508
160.164
141.332
121.697
101.954
82.7793
64.8038
48.5863
34.5949
23.1921
14.6252
9.02224
6.39435
6.64217
9.56725
14.8869
22.2519
31.2653
41.5028
52.5322
63.9313
75.3051
86.299
96.6098
105.993
114.269
121.321
127.093
131.59
134.865
137.012
138.16
138.457
138.065
137.145
135.852
134.33
132.697
131.051
129.463
127.978
126.616
125.374
124.233
123.162
122.12
121.066
119.964
118.783
117.505
116.126
114.656
113.119
111.552
109.997
108.503
107.118
105.881
104.821
103.948
103.254
102.705
102.246
101.795
101.256
100.515
99.4511
97.9471
95.895
93.2077
89.8285
85.7391
80.9665
75.5876
69.7301
63.5712
57.3324
51.2705
45.6671
40.8134
36.9953
34.4763
33.4811
34.1803
36.6772
40.998
47.0856
54.7982
63.913
74.1333
85.1019
96.4169
107.651
118.371
128.163
136.649
143.51
148.497
151.448
152.292
151.054
147.847
142.871
136.395
128.744
120.283
111.39
102.446
93.8091
85.7984
78.6827
72.6678
67.8905
64.4157
62.2385
61.2887
61.4396
62.5187
64.32
66.6179
69.1805
71.7829
74.2185
76.3096
77.9149
78.9356
79.3182
79.0559
78.1872
76.7931
74.9922
72.9353
70.7984
68.7755
67.0713
65.8934
65.4451
65.9185
67.4882
70.3058
74.4944
80.145
87.3133
96.0173
106.236
#3
533.094
572.892
612.664
652.067
690.77
728.462
764.854
799.686
832.726
863.774
892.659
919.241
943.41
965.081
984.197
1000.73
1014.66
1026.01
1034.82
1041.14
1045.04
1046.63
1046.02
1043.34
1038.75
1032.41
1024.5
1015.21
1004.73
993.255
980.978
968.082
954.734
941.088
927.271
913.384
899.499
885.652
871.849
858.059
844.221
830.243
816.01
801.386
786.224
770.372
753.681
736.014
717.253
697.309
676.125
653.683
630.009
605.17
579.274
552.472
524.944
496.9
468.567
440.179
411.968
384.154
356.933
330.472
304.899
280.302
256.729
234.184
212.639
192.039
172.313
153.384
135.186
117.676
100.846
84.732
69.4275
55.0819
41.9031
30.1522
20.1333
12.1794
6.63384
3.82856
4.06022
7.56576
14.4988
24.9085
38.7221
55.7333
75.5966
97.8293
121.821
146.852
172.114
196.746
219.866
240.61
258.173
271.847
281.056
285.39
284.623
278.736
267.918
252.566
233.268
210.788
186.028
159.996
133.759
108.403
84.9824
64.4759
47.7459
35.5014
28.2684
26.3689
29.9084
38.7734
52.6376
70.9776
93.0969
118.156
145.211
173.248
201.235
228.155
253.054
275.076
293.498
307.758
317.477
322.468
322.75
318.535
310.226
298.395
283.762
267.161
249.512
231.778
214.937
199.934
187.657
178.897
174.324
174.465
179.687
190.19
206.005
226.995
252.869
283.199
317.439
354.95
395.031
436.941
479.933
523.279
566.294
608.359
648.936
687.583
723.962
757.838
789.083
817.667
843.644
867.147
888.366
907.535
924.912
940.766
955.358
968.926
981.68
993.786
1005.36
1016.49
1027.18
1037.42
1047.15
1056.27
1064.66
1072.2
1078.74
1084.14
1088.27
1091.01
1092.26
1091.93
1089.97
1086.3
1080.88
1073.68
1064.64
1053.73
1040.89
1026.04
1009.11
989.989
968.583
944.781
918.486
889.611
858.103
823.947
787.181
747.906
706.297
662.609
617.177
570.419
522.828
474.963
427.436
380.895
336.001
293.407
253.737
217.558
185.357
157.525
134.338
115.942
102.35
93.4342
88.9343
88.4635
91.5235
97.523
105.8
115.649
126.344
137.169
147.445
156.552
163.955
169.217
172.018
172.16
169.571
164.306
156.535
146.537
134.68
121.406
107.207
92.6075
78.1375
64.3144
51.6221
40.4948
31.3028
24.3431
19.8335
17.9111
18.6345
21.9905
27.9029
36.2443
46.8494
59.5285
74.0813
90.309
108.024
127.058
147.265
168.522
190.725
213.786
237.619
262.128
287.202
312.691
338.404
364.095
389.455
414.116
437.649
459.572
479.368
496.497
510.424
520.643
526.701
528.232
524.976
516.811
503.76
486.013
463.926
438.019
408.961
377.555
344.704
311.381
278.588
247.313
218.491
192.957
171.415
154.403
142.271
135.168
133.032
135.602
142.428
152.901
166.277
181.721
198.346
215.255
231.583
246.533
259.415
269.665
276.871
280.778
281.289
278.465
272.501
263.716
252.519
239.389
224.843
209.409
193.602
177.901
162.734
148.466
135.393
123.742
113.674
105.294
98.659
93.7949
90.7058
89.3887
89.8442
92.0847
96.1412
102.065
109.927
119.816
131.83
146.068
162.625
181.577
202.974
226.833
253.129
281.791
312.701
345.691
380.549
417.02
454.816
493.619
#4
516.619
520.086
521.076
519.629
515.821
509.761
501.585
491.453
479.547
466.066
451.222
435.244
418.365
400.83
382.888
364.789
346.787
329.129
312.061
295.816
280.615
266.659
254.129
243.178
233.927
226.463
220.833
217.046
215.064
214.813
216.171
218.982
223.05
228.153
234.039
240.442
247.081
253.676
259.951
265.64
270.503
274.322
276.917
278.144
277.899
276.125
272.805
267.966
261.675
254.033
245.171
235.245
224.425
212.892
200.826
188.403
175.785
163.117
150.525
138.107
125.942
114.082
102.562
91.4021
80.6119
70.2013
60.1854
50.5923
41.4705
32.8936
24.9645
17.8166
11.6125
6.53993
2.80489
0.621588
0.200461
1.73408
5.38202
11.2555
19.4025
29.7954
42.3201
56.7701
72.8441
90.1495
108.21
126.48
144.363
161.232
176.462
189.451
199.655
206.611
209.969
209.509
205.159
197.004
185.292
170.424
152.945
133.522
112.914
91.9444
71.462
52.303
35.2533
21.0117
10.1581
3.12636
0.184838
1.42492
6.7582
15.9226
28.4973
43.9249
61.5408
80.6072
100.35
119.999
138.822
156.165
171.478
184.344
194.492
201.811
206.35
208.314
208.044
206.004
202.752
198.909
195.131
192.071
190.351
190.529
193.077
198.357
206.605
217.924
232.278
249.496
269.281
291.227
314.83
339.519
364.674
389.654
413.823
436.574
457.353
475.681
491.167
503.524
512.578
518.269
520.657
519.911
516.305
510.202
502.044
492.331
481.601
470.414
459.328
448.881
439.576
431.858
426.105
422.619
421.613
423.211
427.449
434.273
443.55
455.073
468.578
483.752
500.246
517.697
535.733
553.992
572.131
589.833
606.82
622.848
637.715
651.255
663.337
673.855
682.724
689.872
695.229
698.725
700.278
699.799
697.184
692.32
685.088
675.375
663.079
648.126
630.477
610.147
587.214
561.829
534.226
504.722
473.719
441.7
409.215
376.87
345.309
315.188
287.152
261.812
239.713
221.315
206.967
196.889
191.158
189.703
192.299
198.573
208.019
220.011
233.827
248.678
263.738
278.175
291.187
302.032
310.058
314.731
315.651
312.574
305.415
294.253
279.326
261.016
239.839
216.415
191.447
165.69
139.919
114.901
91.3644
69.9739
51.3055
35.8295
23.8972
15.7336
11.4355
10.9754
14.2107
20.8969
30.7044
43.2376
58.0559
74.6941
92.6826
111.565
130.913
150.339
169.504
188.122
205.958
222.829
238.595
253.154
266.43
278.365
288.91
298.02
305.643
311.722
316.193
318.987
320.038
319.286
316.69
312.235
305.943
297.88
288.166
276.973
264.532
251.126
237.087
222.782
208.603
194.95
182.215
170.762
160.91
152.917
146.97
143.166
141.515
141.933
144.248
148.205
153.48
159.697
166.441
173.286
179.808
185.61
190.339
193.7
195.471
195.511
193.76
190.243
185.064
178.393
170.461
161.542
151.94
141.972
131.953
122.186
112.947
104.48
96.9882
90.6353
85.5436
81.7976
79.4495
78.5249
79.0307
80.9616
84.3071
89.0565
95.203
102.745
111.687
122.036
133.8
146.981
161.57
177.54
194.842
213.399
233.101
253.803
275.326
297.454
319.945
342.529
364.915
386.804
407.892
427.881
446.486
463.446
478.525
491.523
502.279
510.67
#5
880.546
899.621
916.89
931.948
944.437
954.053
960.554
963.76
963.558
959.897
952.793
942.317
928.598
911.809
892.169
869.929
845.367
818.785
790.495
760.818
730.077
698.591
666.669
634.61
602.696
571.192
540.341
510.365
481.462
453.808
427.553
402.823
379.721
358.326
338.692
320.853
304.821
290.589
278.127
267.393
258.323
250.842
244.858
240.269
236.962
234.814
233.696
233.471
233.999
235.137
236.741
238.667
240.773
242.921
244.976
246.809
248.298
249.328
249.792
249.592
248.64
246.859
244.182
240.555
235.936
230.3
223.636
215.951
207.273
197.648
187.149
175.869
163.927
151.466
138.655
125.68
112.749
100.084
87.9118
76.4634
65.9616
56.6136
48.6022
42.0761
37.1417
33.856
32.2203
32.1769
33.608
36.3372
40.1347
44.7249
49.797
55.0181
60.0484
64.5574
68.2402
70.8337
72.1308
71.9926
70.357
67.2432
62.7525
57.0637
50.4247
43.1395
35.5527
28.0297
20.938
14.6259
9.40426
5.52939
3.19036
2.50034
3.49332
6.12634
10.2872
15.8075
22.4798
30.0783
38.3821
47.1982
56.3842
65.8688
75.6677
85.8957
96.7718
108.619
121.855
136.983
154.566
175.211
199.532
228.127
261.548
300.268
344.656
394.957
451.271
513.547
581.568
654.966
733.216
815.662
901.527
989.942
1079.97
1170.63
1260.95
1349.94
1436.68
1520.31
1600.05
1675.24
1745.3
1809.82
1868.46
1921.03
1967.45
2007.74
2042.02
2070.49
2093.41
2111.09
2123.88
2132.16
2136.29
2136.65
2133.59
2127.46
2118.56
2107.16
2093.51
2077.8
2060.22
2040.91
2019.97
1997.5
1973.57
1948.24
1921.56
1893.56
1864.29
1833.78
1802.08
1769.23
1735.28
1700.29
1664.32
1627.41
1589.64
1551.05
1511.72
1471.69
1431.01
1389.72
1347.88
1305.5
1262.64
1219.31
1175.58
1131.47
1087.03
1042.35
997.486
952.543
907.633
862.889
818.464
774.525
731.26
688.867
647.553
607.532
569.017
532.216
497.328
464.536
434.004
405.872
380.251
357.225
336.846
319.13
304.063
291.597
281.652
274.118
268.856
265.7
264.46
264.922
266.853
270.002
274.1
278.866
284.011
289.237
294.244
298.736
302.424
305.034
306.32
306.063
304.09
300.277
294.567
286.97
277.582
266.585
254.258
240.976
227.214
213.538
200.602
189.132
179.909
173.75
171.477
173.896
181.756
195.722
216.336
243.99
278.89
321.035
370.194
425.895
487.424
553.827
623.933
696.377
769.642
842.105
912.095
977.953
1038.1
1091.11
1135.76
1171.12
1196.55
1211.8
1217.01
1212.71
1199.82
1179.65
1153.81
1124.17
1092.82
1061.92
1033.66
1010.15
993.32
984.83
986
997.744
1020.52
1054.32
1098.63
1152.5
1214.53
1282.97
1355.77
1430.68
1505.32
1577.34
1644.44
1704.51
1755.71
1796.53
1825.81
1842.84
1847.31
1839.32
1819.39
1788.36
1747.37
1697.83
1641.25
1579.3
1513.62
1445.82
1377.42
1309.77
1244.05
1181.22
1122.01
1066.95
1016.33
970.272
928.719
891.49
858.302
828.813
802.652
779.451
758.87
740.619
724.469
710.263
697.916
687.412
678.794
672.15
667.603
665.287
665.333
667.855
672.927
680.578
690.776
703.426
718.362
735.35
754.092
774.23
795.358
817.029
838.774
860.107
#6
1815.06
1807
1794.48
1777.84
1757.5
1733.94
1707.66
1679.25
1649.25
1618.26
1586.85
1555.57
1524.94
1495.47
1467.58
1441.68
1418.1
1397.11
1378.94
1363.72
1351.54
1342.41
1336.27
1333.01
1332.45
1334.33
1338.38
1344.23
1351.52
1359.81
1368.66
1377.62
1386.19
1393.92
1400.36
1405.06
1407.63
1407.71
1404.99
1399.22
1390.2
1377.82
1362
1342.77
1320.18
1294.39
1265.58
1233.98
1199.88
1163.58
1125.42
1085.72
1044.82
1003.05
960.7
918.059
875.372
832.854
790.688
749.03
708.013
667.752
628.359
589.949
552.655
516.633
482.079
449.225
418.356
389.797
363.918
341.12
321.824
306.449
295.393
289.008
287.57
291.257
300.119
314.056
332.804
355.92
382.782
412.591
444.392
477.09
509.492
540.345
568.383
592.382
611.212
623.892
629.638
627.909
618.439
601.258
576.707
545.429
508.353
466.66
421.74
375.136
328.478
283.42
241.564
204.399
173.233
149.144
132.942
125.134
125.92
135.195
152.57
177.406
208.864
245.959
287.633
332.811
380.481
429.75
479.902
530.445
581.143
632.032
683.425
735.896
790.252
847.49
908.744
975.218
1048.12
1128.6
1217.65
1316.07
1424.4
1542.86
1671.33
1809.33
1955.97
2110.02
2269.91
2433.75
2599.39
2764.48
2926.55
3083.07
3231.51
3369.44
3494.6
3604.94
3698.7
3774.47
3831.17
3868.16
3885.18
3882.38
3860.29
3819.84
3762.28
3689.16
3602.26
3503.57
3395.21
3279.39
3158.32
3034.2
2909.14
2785.13
2663.99
2547.37
2436.7
2333.17
2237.77
2151.23
2074.08
2006.62
1948.98
1901.09
1862.73
1833.56
1813.11
1800.81
1796.03
1798.05
1806.09
1819.33
1836.89
1857.84
1881.22
1906.02
1931.19
1955.64
1978.27
1997.96
2013.58
2024.07
2028.37
2025.55
2014.78
1995.37
1966.82
1928.85
1881.42
1824.76
1759.35
1685.99
1605.71
1519.83
1429.88
1337.6
1244.85
1153.59
1065.8
983.399
908.217
841.897
785.844
741.175
708.666
688.729
681.385
686.263
702.611
729.314
764.935
807.765
855.877
907.2
959.581
1010.87
1058.97
1101.96
1138.07
1165.82
1184.04
1191.86
1188.79
1174.7
1149.8
1114.68
1070.19
1017.49
957.965
893.171
824.795
754.592
684.336
615.767
550.543
490.202
436.124
389.511
351.362
322.464
303.388
294.488
295.909
307.598
329.314
360.643
401.014
449.713
505.895
568.6
636.763
709.226
784.749
862.025
939.693
1016.36
1090.61
1161.05
1226.32
1285.16
1336.38
1379
1412.2
1435.41
1448.35
1451.04
1443.84
1427.45
1402.93
1371.68
1335.39
1296.03
1255.78
1216.95
1181.91
1152.98
1132.39
1122.1
1123.79
1138.76
1167.84
1211.37
1269.15
1340.47
1424.07
1518.23
1620.8
1729.31
1841.01
1953.02
2062.41
2166.33
2262.12
2347.36
2420
2478.41
2521.4
2548.31
2558.92
2553.53
2532.85
2497.99
2450.38
2391.73
2323.91
2248.88
2168.66
2085.22
2000.45
1916.06
1833.62
1754.49
1679.81
1610.51
1547.3
1490.7
1441.07
1398.6
1363.36
1335.32
1314.34
1300.25
1292.78
1291.64
1296.5
1306.98
1322.67
1343.1
1367.78
1396.16
1427.65
1461.61
1497.36
1534.21
1571.42
1608.25
1643.98
1677.89
1709.32
1737.65
1762.34
1782.92
1799.03
1810.4
1816.87
1818.41
