#1
827.781
710.285
599.095
496.72
405.28
326.439
261.374
210.749
174.721
152.953
144.656
148.641
163.385
187.106
217.841
253.535
292.116
331.576
370.035
405.807
437.438
463.748
483.847
497.144
503.343
502.424
494.623
480.393
460.37
435.333
406.158
373.78
339.153
303.216
266.865
230.925
196.139
163.148
132.487
104.588
79.7727
58.2644
40.1929
25.6034
14.4659
6.68432
2.10525
0.526051
1.70163
5.35049
11.16
18.7909
27.8822
38.0553
48.9197
60.0783
71.1347
81.7008
91.4059
99.906
106.894
112.111
115.355
116.49
115.455
112.266
107.026
99.916
91.2005
81.2155
70.3612
59.0888
47.8849
37.254
27.6988
19.7006
13.6992
10.0737
9.1257
11.0646
15.997
23.9194
34.7162
48.1616
63.9265
81.59
100.655
120.567
140.735
160.555
179.433
196.809
212.18
225.115
235.275
242.426
246.442
247.313
245.14
240.131
232.59
222.905
211.53
198.966
185.745
172.407
159.483
147.477
136.852
128.015
121.309
117.003
115.294
116.298
120.062
126.559
135.701
147.341
161.289
177.313
195.157
214.544
235.185
256.792
279.079
301.769
324.602
347.332
369.736
391.612
412.778
433.078
452.375
470.552
487.515
503.186
517.506
530.432
541.936
552.003
560.633
567.838
573.641
578.075
581.185
583.023
583.651
583.138
581.561
579.001
575.546
571.289
566.324
560.749
554.665
548.17
541.366
534.351
527.222
520.075
512.999
506.082
499.406
493.047
487.074
481.552
476.534
472.068
468.191
464.93
462.303
460.318
458.969
458.241
458.106
458.525
459.448
460.813
462.547
464.57
466.789
469.107
471.42
473.618
475.59
477.224
478.409
479.037
479.006
478.221
476.598
474.064
470.557
466.034
460.467
453.843
446.171
437.476
427.804
417.217
405.796
393.64
380.86
367.582
353.943
340.087
326.163
312.322
298.713
285.478
272.75
260.651
249.285
238.736
229.068
220.32
212.507
205.62
199.626
194.469
190.075
186.356
183.213
180.542
178.242
176.22
174.394
172.707
171.124
169.639
168.277
167.096
166.183
165.65
165.633
166.277
167.733
170.142
173.625
178.273
184.132
191.195
199.391
208.584
218.567
229.064
239.738
250.198
260.016
268.743
275.927
281.143
284.008
284.209
281.522
275.832
267.149
255.61
241.489
225.192
207.241
188.262
168.96
150.088
132.418
116.702
103.639
93.8398
87.7957
85.8508
88.1823
94.7874
105.478
119.885
137.472
157.553
179.326
201.901
224.344
245.717
265.118
281.726
294.835
303.889
308.506
308.503
303.897
294.914
281.98
265.699
246.841
226.298
205.057
184.159
164.651
147.549
133.792
124.205
119.462
120.058
126.284
138.212
155.688
178.332
205.547
236.539
270.339
305.841
341.835
377.057
410.23
440.123
465.591
485.633
499.432
506.401
506.212
498.83
484.524
463.877
437.78
407.416
374.231
339.896
306.251
275.253
248.899
229.161
217.905
216.818
227.329
250.548
287.202
337.588
401.54
478.411
567.071
665.926
772.95
885.744
1001.6
1117.58
1230.64
1337.66
1435.65
1521.78
1593.5
1648.64
1685.5
1702.89
1700.2
1677.42
1635.11
1574.45
1497.12
1405.31
1301.58
1188.84
1070.17
948.761
#2
984.092
872.885
757.5
641.379
527.874
420.127
320.956
232.76
157.439
96.3443
50.2386
19.2931
3.10182
0.721017
10.7287
31.3018
60.3074
95.4032
134.144
174.087
212.898
248.44
278.861
302.661
318.742
326.437
325.525
316.225
299.162
275.332
246.037
212.82
177.384
141.513
106.981
75.4796
48.536
27.4508
13.2422
6.60615
7.89107
17.0882
33.8379
57.4515
86.9463
121.093
158.473
197.54
236.691
274.333
308.95
339.165
363.795
381.898
392.801
396.133
391.823
380.103
361.493
336.77
306.933
273.16
236.756
199.099
161.584
125.57
92.3288
62.9978
38.5423
19.7238
7.07782
0.901765
1.2517
7.94881
20.5943
38.5919
61.177
87.4504
116.416
147.019
178.186
208.864
238.053
264.843
288.433
308.16
323.51
334.13
339.829
340.575
336.493
327.842
315.01
298.484
278.835
256.695
232.726
207.608
182.007
156.565
131.872
108.462
86.7932
67.246
50.1138
35.6036
23.8362
14.8503
8.60856
5.00518
3.87549
5.00601
8.14522
13.0144
19.3181
26.7543
35.0233
43.8359
52.9201
62.0266
70.9331
79.4471
87.4076
94.6856
101.184
106.835
111.6
115.468
118.447
120.57
121.883
122.448
122.339
121.636
120.427
118.801
116.851
114.667
112.34
109.954
107.593
105.332
103.242
101.385
99.8186
98.5898
97.7387
97.2965
97.2858
97.7205
98.6053
99.9367
101.703
103.883
106.449
109.366
112.594
116.084
119.786
123.644
127.6
131.595
135.568
139.459
143.212
146.771
150.083
153.104
155.79
158.108
160.03
161.533
162.605
163.24
163.441
163.218
162.588
161.577
160.214
158.538
156.589
154.413
152.059
149.575
147.012
144.419
141.843
139.328
136.912
134.632
132.514
130.58
128.848
127.324
126.012
124.908
124.004
123.287
122.743
122.354
122.102
121.971
121.944
122.009
122.155
122.376
122.667
123.025
123.451
123.942
124.497
125.11
125.769
126.456
127.143
127.793
128.36
128.782
128.992
128.912
128.456
127.536
126.063
123.954
121.135
117.545
113.146
107.923
101.892
95.1034
87.6434
79.6374
71.2491
62.6795
54.1635
45.9646
38.3688
31.6751
26.1868
22.1993
19.9892
19.8015
21.8373
26.2428
33.098
42.408
54.0961
67.9998
83.8686
101.367
120.079
139.516
159.133
178.339
196.52
213.058
227.354
238.852
247.063
251.589
252.14
248.56
240.833
229.099
213.654
194.95
173.586
150.291
125.907
101.357
77.6137
55.6655
36.4746
20.938
9.8477
3.85341
3.42944
8.8473
20.1557
37.1692
59.4663
86.3974
117.103
150.544
185.533
220.786
254.969
286.751
314.866
338.162
355.656
366.58
370.417
366.932
356.187
338.543
314.656
285.449
252.078
215.892
178.372
141.069
105.541
73.2829
45.6579
23.8373
8.74444
1.0095
0.936545
8.48441
23.2628
44.5442
71.2909
102.198
135.747
170.275
204.048
235.342
262.527
284.146
298.991
306.173
305.171
295.879
278.623
254.167
223.699
188.791
151.349
113.541
77.7088
46.2726
21.6282
6.03816
1.52738
9.78375
32.0703
69.1524
121.243
187.972
268.375
360.91
463.498
573.587
688.238
804.224
918.151
1026.58
1126.17
1213.77
1286.59
1342.28
1379.02
1395.61
1391.5
1366.81
1322.36
1259.59
1180.53
1087.72
#3
454.286
383.124
313.084
246.31
184.974
131.197
86.9702
54.0708
33.9871
27.8442
36.3431
59.7124
97.6782
149.452
213.741
288.777
372.369
461.973
554.779
647.814
738.046
822.504
898.386
963.169
1014.71
1051.32
1071.83
1075.63
1062.72
1033.65
989.526
931.952
862.96
784.923
700.454
612.297
523.224
435.92
352.889
276.359
208.212
149.922
102.518
66.5679
42.1767
29.0107
26.3343
33.0632
47.8296
69.0548
95.0273
123.981
154.17
183.942
211.796
236.437
256.813
272.142
281.924
285.944
284.258
277.171
265.209
249.077
229.624
207.789
184.567
160.956
137.924
116.367
97.0827
80.7462
67.8904
58.8967
53.9907
53.2438
56.5806
63.7911
74.5463
88.4174
104.896
123.416
143.376
164.159
185.156
205.779
225.482
243.771
260.217
274.462
286.226
295.306
301.581
305.003
305.599
303.46
298.735
291.625
282.369
271.242
258.538
244.565
229.638
214.068
198.157
182.193
166.442
151.149
136.53
122.775
110.044
98.4677
88.1485
79.1613
71.5553
65.3555
60.5647
57.1663
55.1256
54.3924
54.9029
56.5814
59.342
63.0901
67.7238
73.1346
79.2091
85.8293
92.8738
100.219
107.738
115.305
122.793
130.078
137.037
143.55
149.506
154.796
159.326
163.006
165.763
167.537
168.282
167.972
166.597
164.167
160.711
156.278
150.936
144.771
137.884
130.391
122.418
114.099
105.573
96.9787
88.4522
80.1221
72.1063
64.5088
57.4169
50.8995
45.0049
39.761
35.1751
31.2352
27.9113
25.1583
22.9188
21.1264
19.7093
18.5939
17.7084
16.9861
16.3679
15.8047
15.2588
14.7051
14.1306
13.5345
12.9262
12.3243
11.7537
11.2436
10.8245
10.5254
10.3717
10.3828
10.5701
10.9357
11.4719
12.1607
12.9742
13.8758
14.8215
15.7618
16.6441
17.415
18.0231
18.4213
18.5697
18.4374
18.0049
17.2651
16.2248
14.9051
13.3416
11.5839
9.69458
7.74829
5.82969
4.03155
2.45258
1.19498
0.362033
0.0555866
0.373711
1.40842
3.24358
5.95306
9.59905
14.2307
19.8831
26.5759
34.3133
43.0829
52.8559
63.5861
75.2108
87.6499
100.806
114.566
128.799
143.358
158.081
172.792
187.299
201.4
214.884
227.532
239.119
249.423
258.227
265.321
270.515
273.64
274.556
273.161
269.395
263.251
254.777
244.083
231.342
216.795
200.75
183.578
165.706
147.614
129.818
112.861
97.2966
83.6683
72.4938
64.2434
59.3201
58.0411
60.6199
67.1519
77.603
91.803
109.443
130.078
153.138
177.939
203.707
229.598
254.73
278.212
299.183
316.838
330.469
339.491
343.47
342.146
335.446
323.494
306.61
285.298
260.238
232.253
202.28
171.339
140.485
110.766
83.1825
58.6435
37.927
21.647
10.2273
3.88311
2.61152
6.19269
14.2002
26.0209
40.8838
57.8956
76.0827
94.4363
111.96
127.714
140.865
150.716
156.747
158.635
156.271
149.763
139.436
125.812
109.59
91.6192
72.855
54.3245
37.0817
22.1651
10.557
3.14647
0.697499
3.82338
12.9683
28.3964
50.1881
78.2431
112.29
151.9
196.505
245.417
297.85
352.942
409.771
467.377
524.775
580.971
634.972
685.796
732.485
774.109
809.787
838.691
860.068
873.259
877.719
873.046
859.002
835.543
802.846
761.327
711.661
654.788
591.918
524.518
#4
1205.16
1247.93
1272.03
1276.48
1260.94
1225.78
1172.07
1101.55
1016.52
919.831
814.707
704.656
593.319
484.326
381.153
286.984
204.59
136.218
83.5139
47.4637
28.3662
25.8365
38.8375
65.7396
104.405
152.29
206.569
264.261
322.362
377.98
428.451
471.455
505.101
527.999
539.3
538.718
526.519
503.492
470.887
430.349
383.821
333.447
281.464
230.102
181.476
137.494
99.7856
69.6306
47.9202
35.1313
31.3228
36.1508
48.9025
68.5446
93.7845
123.141
155.018
187.785
219.848
249.72
276.085
297.843
314.15
324.442
328.448
326.181
317.927
304.217
285.793
263.562
238.549
211.854
184.591
157.854
132.662
109.929
90.4335
74.7903
63.4408
56.6439
54.4774
56.8455
63.4934
74.0261
87.9315
104.606
123.383
143.557
164.415
185.258
205.424
224.308
241.376
256.182
268.369
277.679
283.949
287.113
287.194
284.297
278.6
270.341
259.808
247.326
233.246
217.932
201.751
185.062
168.208
151.51
135.26
119.715
105.099
91.5958
79.352
68.477
59.0443
51.0942
44.6365
39.6539
36.1056
33.9311
33.0535
33.3833
34.8216
37.2631
40.5988
44.7185
49.5123
54.8726
60.6956
66.8817
73.3364
79.971
86.7027
93.4545
100.156
106.741
113.151
119.331
125.234
130.814
136.034
140.86
145.261
149.214
152.697
155.696
158.199
160.2
161.696
162.691
163.191
163.209
162.76
161.864
160.546
158.832
156.755
154.347
151.645
148.688
145.517
142.173
138.701
135.145
131.55
127.962
124.428
120.994
117.707
114.616
111.767
109.207
106.983
105.14
103.722
102.771
102.325
102.417
103.076
104.323
106.171
108.625
111.676
115.306
119.483
124.16
129.279
134.765
140.53
146.476
152.491
158.454
164.238
169.712
174.744
179.203
182.966
185.918
187.956
188.996
188.968
187.828
185.552
182.14
177.617
172.033
165.46
157.99
149.735
140.825
131.398
121.605
111.599
101.535
91.5642
81.8314
72.4707
63.603
55.3331
47.7484
40.9166
34.886
29.6845
25.3205
21.7833
19.0452
17.0623
15.777
15.1202
15.0134
15.371
16.1031
17.1173
18.3214
19.6256
20.9441
22.1975
23.3144
24.2333
24.9037
25.2878
25.3614
25.1153
24.5552
23.703
22.5957
21.286
19.8406
18.3389
16.8713
15.536
14.4363
13.6767
13.3586
13.5759
14.4105
15.9274
18.17
21.1565
24.876
29.2865
34.3128
39.8471
45.7498
51.8529
57.9644
63.8745
69.363
74.2083
78.1973
81.1352
82.8568
83.2359
82.1949
79.7123
75.8289
70.6507
64.3502
57.1631
49.3835
41.3538
33.4534
26.0837
19.6505
14.5457
11.1277
9.70201
10.5027
13.6768
19.2708
27.222
37.3538
49.3774
62.8982
77.428
92.4034
107.208
121.201
133.745
144.237
152.143
157.026
158.573
156.615
151.149
142.337
130.517
116.186
99.9845
82.6753
65.1053
48.1687
32.7629
19.743
9.87545
3.79466
1.96429
4.64549
11.8742
23.4496
38.9335
57.664
78.7796
101.257
123.959
145.689
165.256
181.539
193.553
200.512
201.884
197.44
187.283
171.868
152.007
128.847
103.84
78.6905
55.2885
35.6305
21.7296
15.5208
18.763
32.9457
59.2019
98.2335
150.252
214.941
291.435
378.33
473.709
575.203
680.063
785.255
887.577
983.779
1070.69
1145.36
#5
215.177
218.154
229.311
248.005
273.354
304.286
339.59
377.961
418.061
458.567
498.212
535.831
570.392
601.017
626.997
647.804
663.084
672.648
676.465
674.637
667.38
655.004
637.89
616.471
591.212
562.601
531.134
497.307
461.617
424.554
386.604
348.251
309.972
272.245
235.538
200.313
167.014
136.063
107.848
82.709
60.9295
42.722
28.2178
17.4574
10.3847
6.84442
6.5837
9.258
14.4414
21.6412
30.3155
39.8942
49.8012
59.4774
68.4034
76.1204
82.2481
86.4994
88.6903
88.7453
86.6971
82.682
76.93
69.7508
61.5169
52.643
43.5657
34.7215
26.5257
19.3538
13.5245
9.28666
6.80969
6.17834
7.39146
10.3649
14.9382
20.8844
27.9227
35.7328
43.9703
52.2829
60.3257
67.7757
74.3444
79.7887
83.9186
86.6031
87.7725
87.4187
85.5925
82.3991
77.9917
72.5635
66.3386
59.5632
52.4954
45.3965
38.522
32.1144
26.3963
21.5649
17.7885
15.2036
13.9132
13.9871
15.4621
18.3441
22.6099
28.2103
35.0733
43.1068
52.2023
62.238
73.0813
84.5918
96.6237
109.028
121.652
134.347
146.96
159.345
171.355
182.852
193.698
203.764
212.93
221.079
228.11
233.93
238.457
241.626
243.387
243.706
242.568
239.976
235.956
230.55
223.825
215.866
206.779
196.686
185.729
174.061
161.85
149.27
136.501
123.725
111.124
98.8719
87.134
76.0633
65.7973
56.4546
48.1337
40.9107
34.8384
29.9464
26.2408
23.7054
22.3033
21.9784
22.6581
24.2559
26.6741
29.8069
33.5433
37.7698
42.3732
47.2425
52.2715
57.3598
62.4145
67.3508
72.0923
76.5716
80.7299
84.5164
87.8882
90.8092
93.2499
95.1862
96.599
97.474
97.8006
97.5724
96.7868
95.4452
93.5532
91.1214
88.1654
84.7071
80.775
76.4047
71.64
66.5332
61.1452
55.546
49.8142
44.0368
38.3084
32.7298
27.4068
22.4481
17.963
14.0593
10.84
8.40045
6.82542
6.1859
6.53606
7.91056
10.3221
13.7592
18.1854
23.5376
29.727
36.6393
44.1365
52.0596
60.2316
68.4619
76.5511
84.2959
91.4954
97.9564
103.5
107.966
111.22
113.157
113.705
112.831
110.535
106.863
101.894
95.746
88.5717
80.5529
71.8967
62.8295
53.591
44.4274
35.5847
27.3018
19.8044
13.2992
7.96857
3.96648
1.41496
0.401914
0.979788
3.16528
6.94005
12.2522
19.0189
27.1288
36.4458
46.813
58.0561
69.9874
82.4102
95.1215
107.916
120.589
132.937
144.765
155.881
166.105
175.263
183.196
189.755
194.807
198.232
199.931
199.825
197.858
194.002
188.263
180.678
171.328
160.337
147.876
134.165
119.477
104.133
88.5023
72.9977
58.0658
44.1776
31.8154
21.4574
13.5598
8.53815
6.74722
8.46129
13.8555
22.9893
35.7929
52.0585
71.436
93.4348
117.432
142.689
168.37
193.571
217.355
238.785
256.968
271.093
280.473
284.582
283.089
275.881
263.087
245.081
222.485
196.154
167.15
136.714
106.219
77.1167
50.8865
28.9694
12.7094
3.29293
1.69379
8.6251
24.5005
49.4069
83.0903
124.955
174.078
229.235
288.945
351.518
415.121
477.842
537.77
593.063
642.019
683.151
715.236
737.368
748.995
749.936
740.389
720.923
692.451
656.196
613.638
566.456
516.459
465.517
415.489
368.152
325.135
287.861
257.502
234.942
220.75
#6
401.003
393.482
376.078
349.316
314.288
272.629
226.457
178.293
130.947
87.3975
50.6459
23.5756
8.80512
8.55253
24.5147
57.7677
108.694
176.941
261.411
360.286
471.087
590.76
715.791
842.348
966.423
1084
1191.23
1284.54
1360.83
1417.57
1452.9
1465.72
1455.68
1423.26
1369.67
1296.86
1207.37
1104.29
991.078
871.455
749.241
628.213
511.966
403.781
306.515
222.504
153.498
100.615
64.3298
44.4787
40.2987
50.4838
73.2626
106.49
147.752
194.471
244.021
293.83
341.483
384.806
421.941
451.403
472.117
483.436
485.145
477.441
460.901
436.435
405.232
368.691
328.354
285.832
242.742
200.634
160.942
124.926
93.6372
67.8899
48.2428
34.9936
28.1837
27.6128
32.8606
43.317
58.2155
76.6715
97.7218
120.364
143.593
166.439
188
207.463
224.135
237.452
246.995
252.494
253.83
251.029
244.256
233.801
220.063
203.535
184.785
164.429
143.118
121.513
100.264
79.9935
61.2758
44.6241
30.4761
19.1835
11.0041
6.09748
4.5225
6.23875
11.1104
18.9126
29.3411
42.0227
56.5285
72.3883
89.1055
106.173
123.086
139.363
154.553
168.25
180.106
189.834
197.222
202.127
204.484
204.301
201.655
196.687
189.595
180.623
170.054
158.194
145.365
131.896
118.104
104.296
90.75
77.7168
65.4098
54.0032
43.6301
34.3825
26.312
19.4333
13.7271
9.14523
5.6155
3.04715
1.33623
0.370915
0.0363063
0.218712
0.809285
1.7069
2.82029
4.06944
5.38627
6.71477
8.01056
9.24008
10.3796
11.4137
12.3343
13.1393
13.831
14.4153
14.901
15.2984
15.6193
15.8762
16.082
16.2498
16.3926
16.5232
16.654
16.7968
16.9626
17.1615
17.4024
17.693
18.0396
18.4469
18.9184
19.4562
20.0613
20.7338
21.4736
22.2804
23.1545
24.0969
25.1102
26.1986
27.3681
28.6271
29.9855
31.4554
33.0501
34.7836
36.6699
38.7223
40.952
43.3676
45.9737
48.77
51.7508
54.9037
58.2097
61.6426
65.1693
68.7498
72.338
75.8828
79.3286
82.6173
85.6895
88.4859
90.9493
93.0261
94.6679
95.8329
96.4872
96.6057
96.173
95.1838
93.6433
91.5666
88.9789
85.9142
82.4149
78.5306
74.3166
69.8325
65.1411
60.3066
55.3931
50.4634
45.5775
40.7914
36.1563
31.7178
27.5152
23.5814
19.9428
16.6198
13.6275
10.9763
8.67342
6.72419
5.13361
3.9081
3.05708
2.59461
2.54067
2.92218
3.77354
5.13661
7.06008
9.59808
12.8082
16.7487
21.4753
27.0371
33.4728
40.8065
49.0434
58.1664
68.1332
78.8743
90.2924
102.263
114.636
127.24
139.886
152.375
164.505
176.076
186.902
196.814
205.673
213.367
219.822
225.004
228.913
231.587
233.095
233.531
233.008
231.648
229.575
226.906
223.744
220.173
216.256
212.033
207.523
202.733
197.66
192.307
186.689
180.847
174.856
168.839
162.966
157.461
152.598
148.695
146.096
145.163
146.246
149.661
155.667
164.435
176.025
190.366
207.241
226.279
246.955
268.604
290.437
311.574
331.082
348.021
361.494
370.702
374.99
373.9
367.211
354.965
337.485
315.38
289.527
261.042
231.236
201.551
173.492
148.548
128.108
113.381
105.318
104.551
111.339
125.537
146.585
173.52
205.013
239.422
274.874
309.36
340.836
367.342
387.112
398.686
