#1
1331.89
1370.15
1393
1399.74
1390.2
1364.75
1324.28
1270.19
1204.34
1129.02
1046.82
960.558
873.174
787.614
706.71
633.078
569.013
516.399
476.641
450.613
438.627
440.432
455.231
481.721
518.157
562.43
612.162
664.806
717.756
768.455
814.496
853.721
884.298
904.789
914.198
911.998
898.139
873.034
837.529
792.854
740.559
682.446
620.479
556.708
493.178
431.85
374.528
322.789
277.931
240.937
212.443
192.731
181.733
179.047
183.968
195.53
212.557
233.715
257.577
282.682
307.595
330.965
351.576
368.39
380.584
387.578
389.043
384.915
375.383
360.879
342.051
319.73
294.9
268.646
242.116
216.475
192.854
172.313
155.8
144.116
137.89
137.554
143.335
155.247
173.095
196.485
224.837
257.414
293.346
331.66
371.317
411.246
450.377
487.677
522.18
553.014
579.428
600.804
616.68
626.749
630.867
629.052
621.474
608.443
590.397
567.885
541.544
512.077
480.237
446.799
412.541
378.226
344.58
312.28
281.938
254.091
229.193
207.61
189.615
175.389
165.023
158.523
155.813
156.743
161.099
168.609
178.958
191.791
206.729
223.378
241.334
260.199
279.585
299.12
318.46
337.289
355.327
372.331
388.099
402.471
415.326
426.586
436.211
444.199
450.58
455.414
458.786
460.803
461.586
461.269
459.991
457.892
455.112
451.781
448.019
443.933
439.616
435.139
430.561
425.917
421.228
416.497
411.714
406.856
401.892
396.784
391.494
385.984
380.22
374.178
367.841
361.207
354.287
347.107
339.707
332.144
324.485
316.811
309.209
301.775
294.605
287.796
281.441
275.625
270.422
265.895
262.088
259.031
256.731
255.181
254.349
254.19
254.636
255.607
257.008
258.731
260.661
262.678
264.657
266.472
268.002
269.13
269.747
269.753
269.058
267.589
265.283
262.093
257.99
252.958
246.999
240.13
232.385
223.811
214.473
204.448
193.825
182.708
171.208
159.447
147.555
135.668
123.924
112.466
101.433
90.9642
81.1914
72.2392
64.2215
57.2389
51.3762
46.7001
43.2568
41.0704
40.1412
40.4449
41.9318
44.5267
48.1298
52.6176
57.845
63.6474
69.8441
76.2416
82.6384
88.8289
94.609
99.7813
104.16
107.577
109.888
110.975
110.753
109.173
106.226
101.944
96.4009
89.713
82.0366
73.5648
64.5234
55.1641
45.7576
36.5853
27.9294
20.0632
13.2411
7.68809
3.59067
1.08817
0.265806
1.14944
3.7026
7.82583
13.3587
20.0845
27.7372
36.0113
44.5731
53.0741
61.1651
68.5105
74.8034
79.7782
83.2231
84.9894
84.9988
83.2472
79.8055
74.817
68.4911
61.0951
52.9419
44.3773
35.7645
27.4691
19.8439
13.214
7.86446
4.02966
1.88524
1.54328
3.05049
6.3896
11.4836
18.2024
26.3718
35.7838
46.2074
57.3994
69.1153
81.118
93.1852
105.115
116.727
127.866
138.397
148.204
157.183
165.238
172.275
178.199
182.906
186.287
188.226
188.608
187.326
184.289
179.439
172.769
164.335
154.275
142.827
130.343
117.294
104.279
92.0221
81.3624
73.2384
68.663
68.6909
74.3798
86.7455
106.713
135.064
172.392
219.048
275.103
340.314
414.102
495.54
583.359
675.967
771.485
867.795
962.606
1053.53
1138.15
1214.16
1279.37
#2
325.37
322.958
317.551
309.316
298.485
285.349
270.247
253.546
235.635
216.905
197.739
178.501
159.524
141.103
123.491
106.892
91.4647
77.3232
64.5386
53.1453
43.147
34.5234
27.2367
21.2379
16.4726
12.8852
10.4222
9.03321
8.67168
9.29307
10.8525
13.3014
16.5836
20.6313
25.3612
30.6723
36.4429
42.5314
48.7765
55.0003
61.0129
66.6179
71.62
75.8327
79.0869
81.2394
82.1807
81.8417
80.1993
77.2796
73.1592
67.9641
61.866
55.0762
47.8378
40.4156
33.085
26.1197
19.78
14.3007
9.88044
6.67234
4.77727
4.23905
5.04255
7.11457
10.3276
14.5058
19.434
24.8673
30.5434
36.1943
41.559
46.3951
50.4895
53.6673
55.7991
56.8054
56.6587
55.3832
53.0519
49.7819
45.727
41.0697
36.0119
30.7649
25.5396
20.5373
15.9411
11.9089
8.56734
6.00856
4.28746
3.42158
3.3924
4.14813
5.60787
7.66669
10.2014
13.0769
16.152
19.2861
22.3444
25.2027
27.7518
29.9008
31.5787
32.7364
33.3465
33.403
32.9195
31.928
30.4757
28.6228
26.439
24.0009
21.3885
18.6826
15.9624
13.3028
10.7725
8.43281
6.3361
4.5252
3.03296
1.88222
1.086
0.648089
0.563669
0.820272
1.39876
2.27441
3.41806
4.79719
6.37703
8.12161
9.99469
11.9606
13.985
16.0354
18.082
20.0975
22.0581
23.9428
25.7343
27.4185
28.9843
30.4237
31.7316
32.9053
33.9443
34.8501
35.6258
36.2759
36.8058
37.2218
37.5307
37.7398
37.8564
37.8881
37.8424
37.7265
37.5477
37.3129
37.0289
36.7023
36.3393
35.9461
35.5285
35.092
34.642
34.1836
33.7214
33.2598
32.8028
32.3538
31.9158
31.4911
31.0814
30.6879
30.3107
29.9491
29.6019
29.2666
28.9401
28.6181
28.2957
27.967
27.6255
27.2638
26.8742
26.4487
25.979
25.4571
24.8754
24.227
23.5061
22.7083
21.8309
20.8735
19.838
18.7291
17.5542
16.3241
15.0524
13.7558
12.4538
11.1685
9.92393
8.74559
7.65975
6.69261
5.86946
5.21374
4.74615
4.48369
4.43892
4.61923
5.02632
5.65585
6.49737
7.53442
8.74494
10.1019
11.5742
13.1276
14.7261
16.3332
17.9131
19.4319
20.8592
22.1685
23.3385
24.3533
25.2023
25.8808
26.3889
26.7312
26.9159
26.9537
26.8569
26.6381
26.31
25.8839
25.3697
24.7761
24.1101
23.3781
22.5862
21.7416
20.8533
19.9331
18.9967
18.0644
17.1608
16.3155
15.562
14.9365
14.4765
14.2191
14.1983
14.4428
14.9737
15.8024
16.9289
18.3402
20.0105
21.9013
23.9623
26.1337
28.3493
30.5394
32.6349
34.5715
36.2938
37.7585
38.9382
39.8234
40.4234
40.7671
40.9012
40.888
40.8022
40.7257
40.7433
40.936
41.3764
42.1223
43.2124
44.6624
46.4622
48.5747
50.9364
53.4593
56.0343
58.5365
60.8311
62.7804
64.2515
65.1235
65.295
64.6902
63.2646
61.0081
57.9478
54.1474
49.7059
44.7537
39.447
33.9612
28.4825
23.1994
18.293
13.9288
10.2483
7.36171
5.34272
4.22494
4.00041
4.62044
5.9987
8.01648
10.5299
13.3785
16.3954
19.4177
22.2971
24.9099
27.1663
29.0175
30.4613
31.5452
32.3661
33.0685
33.8387
34.8973
36.4891
38.8708
42.2985
47.0134
53.2282
61.1139
70.7884
82.3067
95.6538
110.741
127.403
145.404
164.44
184.149
204.123
223.92
243.082
261.149
277.677
292.255
304.516
314.154
320.934
324.698
#3
869.518
887.536
894.223
889.453
873.433
846.689
810.036
764.547
711.512
652.389
588.754
522.253
454.552
387.286
322.02
260.205
203.153
152
107.697
70.9829
42.3873
22.2195
10.5732
7.33156
12.1768
24.6031
43.9323
69.3325
99.8389
134.377
171.789
210.86
250.346
289.008
325.641
359.108
388.368
412.512
430.787
442.622
447.65
445.72
436.909
421.521
400.079
373.315
342.142
307.627
270.955
233.385
196.204
160.681
128.016
99.2988
75.4598
57.2389
45.154
39.4819
40.2474
47.2236
59.9426
77.7159
99.6646
124.756
151.85
179.742
207.218
233.104
256.309
275.871
290.998
301.087
305.755
304.843
298.417
286.765
270.374
249.906
226.169
200.077
172.615
144.79
117.6
91.9899
68.8164
48.8221
32.6089
20.6217
13.1382
10.2658
11.9449
17.9589
27.9492
41.4349
57.8359
76.4981
96.7202
117.78
138.962
159.576
178.984
196.618
211.99
224.706
234.473
241.099
244.497
244.677
241.739
235.868
227.319
216.402
203.478
188.934
173.179
156.623
139.671
122.71
106.098
90.159
75.1754
61.3833
48.9705
38.0751
28.7859
21.1445
15.1475
10.7513
7.87624
6.41201
6.22337
7.15597
9.04216
11.7067
14.972
18.6633
22.6128
26.6634
30.6721
34.5122
38.075
41.271
44.0301
46.3018
48.0539
49.2717
49.9567
50.1241
49.8015
49.0263
47.8435
46.304
44.4622
42.3741
40.096
37.6824
35.1852
32.6528
30.1289
27.6524
25.2569
22.9708
20.817
18.8134
16.9734
15.3059
13.8159
12.5051
11.3724
10.4142
9.62531
8.9987
8.5264
8.19959
8.00889
7.94451
7.99638
8.15421
8.40749
8.74549
9.15718
9.63121
10.1558
10.7187
11.3073
11.9085
12.5087
13.0943
13.6516
14.1668
14.6272
15.0204
15.3356
15.5636
15.6971
15.7314
15.6646
15.4981
15.2363
14.8876
14.4636
13.9797
13.4546
12.91
12.3707
11.8637
11.4177
11.0629
10.8301
10.7504
10.8542
11.1712
11.7298
12.5562
13.6751
15.1085
16.8764
18.9964
21.4836
24.3512
27.6104
31.2701
35.338
39.8198
44.7194
50.0392
55.7791
61.9371
68.5078
75.4826
82.8483
90.587
98.6744
107.08
115.764
124.68
133.772
142.974
152.21
161.393
170.43
179.217
187.641
195.587
202.932
209.552
215.324
220.129
223.852
226.389
227.647
227.549
226.038
223.076
218.648
212.766
205.468
196.818
186.909
175.861
163.818
150.949
137.446
123.517
109.387
95.2913
81.4726
68.1763
55.6464
44.1202
33.8248
24.9721
17.7552
12.344
8.88206
7.48284
8.22673
11.1583
16.2836
23.5683
32.9359
44.2661
57.3946
72.1132
88.1701
105.272
123.088
141.253
159.372
177.031
193.805
209.263
222.987
234.581
243.686
249.992
253.253
253.302
250.058
243.543
233.881
221.309
206.171
188.918
170.097
150.337
130.334
110.825
92.5648
76.2982
62.7287
52.4894
46.1126
44.0035
46.4163
53.4355
64.9641
80.7176
100.227
122.851
147.79
174.121
200.825
226.828
251.049
272.444
290.055
303.055
310.794
312.831
308.969
299.27
284.068
263.964
239.814
212.699
183.896
154.821
126.984
101.923
81.1417
66.0471
57.8857
57.6882
66.2199
83.942
110.985
147.132
191.824
244.169
302.969
366.767
433.887
502.503
570.699
636.538
698.131
753.705
801.66
840.63
