#1
2089.4
2110.94
2107.7
2079.51
2026.96
1951.39
1854.86
1740.11
1610.4
1469.45
1321.31
1170.16
1020.25
875.663
740.234
617.395
510.065
420.561
350.527
300.893
271.863
262.927
272.898
299.982
341.857
395.775
458.68
527.322
598.387
668.618
734.928
794.507
844.912
884.139
910.68
923.557
922.333
907.107
878.491
837.561
785.806
725.052
657.387
585.072
510.457
435.89
363.637
295.8
234.255
180.587
136.048
101.526
77.5262
64.1641
61.1798
67.9583
83.5644
106.788
136.198
170.199
207.1
245.175
282.734
318.18
350.068
377.159
398.458
413.247
421.109
421.933
415.915
403.542
385.567
362.975
336.94
308.773
279.869
251.647
225.495
202.717
184.476
171.75
165.302
165.642
173.017
187.4
208.496
235.755
268.398
305.448
345.77
388.115
431.172
473.612
514.141
551.545
584.733
612.771
634.914
650.626
659.592
661.725
657.161
646.244
629.511
607.667
581.551
552.107
520.344
487.306
454.031
421.52
390.707
362.431
337.416
316.256
299.399
287.148
279.657
276.935
278.858
285.183
295.559
309.55
326.652
346.315
367.961
391.006
414.874
439.015
462.92
486.129
508.238
528.91
547.873
564.922
579.919
592.784
603.498
612.089
618.629
623.223
626.008
627.135
626.772
625.091
622.262
618.454
613.824
608.518
602.667
596.388
589.782
582.935
575.917
568.787
561.594
554.374
547.161
539.98
532.854
525.807
518.86
512.037
505.366
498.875
492.598
486.571
480.833
475.428
470.399
465.795
461.66
458.043
454.988
452.54
450.737
449.616
449.207
449.537
450.622
452.475
455.098
458.487
462.625
467.49
473.048
479.255
486.057
493.39
501.181
509.346
517.791
526.413
535.104
543.744
552.208
560.366
568.084
575.222
581.642
587.204
591.771
595.208
597.388
598.189
597.5
595.222
591.27
585.573
578.08
568.758
557.598
544.609
529.829
513.317
495.16
475.467
454.377
432.049
408.667
384.436
359.581
334.342
308.973
283.738
258.908
234.755
211.548
189.552
169.019
150.186
133.271
118.469
105.948
95.8438
88.2614
83.268
80.893
81.1257
83.9137
89.1625
96.7349
106.451
118.091
131.392
146.057
161.752
178.117
194.763
211.286
227.271
242.3
255.966
267.878
277.673
285.033
289.688
291.432
290.131
285.729
278.259
267.841
254.684
239.087
221.428
202.158
181.788
160.873
139.996
119.747
100.704
83.4108
68.3579
55.9642
46.5605
40.3766
37.5318
38.03
41.7588
48.4934
57.9048
69.5717
82.9966
97.6237
112.86
128.096
142.729
156.183
167.929
177.506
184.531
188.715
189.87
187.916
182.885
174.912
164.241
151.209
136.243
119.844
102.575
85.0481
67.9049
51.8026
37.3955
25.3172
16.1631
10.4723
8.71007
11.2515
18.3654
30.2008
46.7748
67.9633
93.4958
122.953
155.772
191.249
228.561
266.777
304.89
341.844
376.571
408.033
435.262
457.407
473.776
483.883
487.482
484.6
475.566
461.015
441.898
419.468
395.255
371.029
348.743
330.474
318.345
314.442
320.725
338.94
370.529
416.55
477.606
553.785
644.624
749.083
865.556
991.887
1125.43
1263.1
1401.49
1536.98
1665.83
1784.33
1888.95
1976.45
2044.03
#2
1379.25
1523.05
1646.38
1744.84
1814.96
1854.34
1861.74
1837.17
1781.79
1697.91
1588.85
1458.79
1312.56
1155.44
992.912
830.441
673.226
525.999
392.839
277.024
180.923
105.939
52.4919
20.0509
7.21209
11.8105
31.0652
61.7465
100.357
143.319
187.151
228.641
264.985
293.909
313.754
323.522
322.893
312.201
292.378
264.871
231.536
194.515
156.105
118.621
84.2701
55.0322
32.5614
18.1066
12.4578
15.9194
28.309
48.9831
76.8846
110.611
148.497
188.706
229.332
268.492
304.42
335.55
360.581
378.535
388.782
391.061
385.473
372.46
352.765
327.385
297.509
264.454
229.595
194.301
159.873
127.487
98.1511
72.6736
51.6387
35.3987
24.0772
17.5815
15.6265
17.7639
23.4181
31.924
42.5663
54.6172
67.371
80.1742
92.45
103.717
113.598
121.83
128.258
132.831
135.591
136.658
136.213
134.48
131.712
128.169
124.105
119.758
115.334
111.007
106.908
103.129
99.7209
96.6991
94.0463
91.7202
89.6592
87.7902
86.0345
84.3144
82.5581
80.7038
78.7028
76.5212
74.1401
71.5557
68.7779
65.828
62.7365
59.5405
56.2806
52.9986
49.7353
46.5277
43.4086
40.4046
37.5364
34.8181
32.2579
29.859
27.6202
25.5371
23.6034
21.8124
20.1571
18.6322
17.2339
15.961
14.8144
13.7976
12.9162
12.1772
11.589
11.16
10.8983
10.8109
10.903
11.1777
11.6353
12.2731
13.0854
14.0637
15.1966
16.4703
17.8689
19.3754
20.9716
22.6392
24.3602
26.1178
27.8967
29.6836
31.4681
33.2428
35.0037
36.7508
38.488
40.2235
41.9696
43.7429
45.5634
47.4551
49.4442
51.5591
53.829
56.2826
58.9468
61.8446
64.9939
68.4054
72.0805
76.0101
80.1732
84.535
89.0473
93.6474
98.2596
102.795
107.156
111.236
114.923
118.106
120.679
122.541
123.608
123.812
123.108
121.477
118.932
115.514
111.298
106.393
100.936
95.093
89.0546
83.0285
77.2344
71.8966
67.2366
63.4647
60.7722
59.3241
59.2523
60.6493
63.5643
67.9994
73.9079
81.1945
89.7169
99.2885
109.683
120.642
131.878
143.087
153.956
164.168
173.419
181.419
187.905
192.651
195.47
196.226
194.836
191.275
185.582
177.857
168.264
157.029
144.437
130.829
116.594
102.163
87.9998
74.5905
62.4311
52.0155
43.8213
38.295
35.8378
36.7896
41.4158
49.8929
62.2969
78.5936
98.6308
122.134
148.708
177.835
208.889
241.143
273.787
305.95
336.722
365.188
390.449
411.666
428.083
439.066
444.13
442.968
435.47
421.743
402.121
377.16
347.638
314.535
279.006
242.351
205.969
171.314
139.835
112.927
91.8682
77.7633
71.4941
73.6711
84.5968
104.238
132.213
167.788
209.897
257.163
307.95
360.415
412.577
462.397
507.859
547.062
578.301
600.154
611.552
611.842
600.834
578.824
546.609
505.468
457.124
403.691
347.594
291.472
238.073
190.131
150.244
120.755
103.628
100.351
111.843
138.393
179.617
234.45
301.162
377.415
460.342
546.653
632.774
714.993
789.63
853.201
902.593
935.214
949.141
943.227
917.193
871.67
808.209
729.244
638.021
538.478
435.094
332.709
236.321
150.864
80.9945
30.8681
3.94594
2.82006
29.0755
83.1938
164.504
271.185
400.316
547.98
709.416
879.198
1051.46
1220.15
#3
560.731
692.8
829.684
967.051
1100.47
1225.57
1338.22
1434.71
1511.85
1567.1
1598.69
1605.67
1587.93
1546.19
1481.99
1397.58
1295.85
1180.19
1054.39
922.416
788.331
656.089
529.412
411.652
305.681
213.799
137.676
78.3117
36.0365
10.5286
0.863067
5.5821
22.7832
50.2221
85.4234
125.797
168.749
211.793
252.643
289.296
320.101
343.801
359.559
366.969
366.04
357.162
341.071
318.78
291.524
260.68
227.698
194.031
161.066
130.066
102.121
78.1096
58.6717
44.1986
34.8295
30.4633
30.779
35.266
43.2595
53.9821
66.5862
80.1978
93.9575
107.059
118.782
128.519
135.793
140.275
141.784
140.288
135.895
128.84
119.467
108.204
95.5449
82.0206
68.1766
54.5489
41.6436
29.9181
19.7668
11.5092
5.38328
1.54092
0.0483703
0.889118
3.96978
9.1283
16.1439
24.7483
34.6375
45.484
56.9482
68.6902
80.3793
91.7037
102.377
112.146
120.795
128.145
134.064
138.458
141.276
142.509
142.181
140.353
137.116
132.585
126.897
120.206
112.678
104.488
95.8119
86.8276
77.7083
68.6204
59.7207
51.1538
43.0509
35.5277
28.684
22.6031
17.3514
12.9787
9.51875
6.99012
5.39695
4.73028
4.96933
6.08285
8.03063
10.7649
14.2319
18.3731
23.1266
28.4283
34.213
40.4154
46.9709
53.8163
60.89
68.1329
75.4883
82.9022
90.3232
97.7026
104.994
112.154
119.141
125.915
132.439
138.677
144.595
150.16
155.344
160.117
164.454
168.331
171.728
174.627
177.016
178.883
180.225
181.039
181.331
181.108
180.385
179.181
177.519
175.429
172.942
170.097
166.933
163.495
159.829
155.983
152.009
147.957
143.878
139.824
135.846
131.993
128.313
124.849
121.645
118.737
116.16
113.944
112.111
110.679
109.661
109.063
108.881
109.11
109.734
110.732
112.077
113.738
115.678
117.857
120.23
122.755
125.385
128.076
130.783
133.466
136.085
138.606
140.996
143.225
145.268
147.102
148.705
150.057
151.137
151.925
152.399
152.536
152.312
151.697
150.665
149.185
147.227
144.763
141.766
138.215
134.095
129.396
124.121
118.281
111.902
105.02
97.6882
89.9706
81.9471
73.7107
65.3675
57.0353
48.843
40.9289
33.4399
26.5292
20.3558
15.0821
10.8727
7.89236
6.30381
6.26535
7.92786
11.4313
16.9009
24.4419
34.1352
46.0308
60.1422
76.44
94.846
115.227
137.391
161.084
185.985
211.711
237.816
263.801
289.117
313.181
335.388
355.13
371.814
384.888
393.856
398.306
397.932
392.551
382.124
366.767
346.758
322.544
294.734
264.089
231.507
197.995
164.642
132.581
102.952
76.8536
55.3044
39.1958
29.252
25.9928
29.7031
40.4107
57.8729
81.5747
110.737
144.339
181.147
219.76
258.661
296.276
331.038
361.453
386.172
404.05
414.205
416.068
409.419
394.411
371.575
341.815
306.381
266.823
224.941
182.706
142.185
105.447
74.4751
51.0687
36.7598
32.732
39.7542
58.1303
87.6677
127.668
176.938
233.829
296.288
361.943
428.193
492.318
551.601
603.446
645.504
675.783
692.758
695.449
683.49
657.165
617.423
565.856
504.652
436.523
364.602
292.322
223.279
161.08
109.189
70.778
48.5824
44.7722
60.8471
97.5557
154.846
231.846
326.887
437.545
