#1
1664.21
1743.12
1800.49
1834.4
1843.62
1827.67
1786.84
1722.23
1635.71
1529.86
1407.89
1273.52
1130.89
984.373
838.442
697.497
565.709
446.87
344.253
260.498
197.516
156.423
137.515
140.257
163.325
204.66
261.568
330.828
408.832
491.733
575.601
656.58
731.043
795.73
847.87
885.286
906.466
910.611
897.652
868.233
823.669
765.877
697.282
620.702
539.226
456.076
374.473
297.502
227.985
168.375
120.662
86.2977
66.1551
60.503
69.0115
90.7811
124.394
167.988
219.342
275.98
335.279
394.579
451.298
503.03
547.641
583.35
608.791
623.053
625.71
616.821
596.91
566.94
528.25
482.501
431.592
377.581
322.6
268.763
218.091
172.434
133.402
102.315
80.1611
67.5719
64.8091
71.7695
88.0027
112.74
144.935
183.312
226.424
272.706
320.54
368.311
414.464
457.553
496.286
529.561
556.492
576.428
588.961
593.925
591.391
581.648
565.182
542.649
514.846
482.676
447.113
409.171
369.87
330.206
291.122
253.488
218.078
185.56
156.479
131.259
110.196
93.461
81.1072
73.0784
69.2195
69.2898
72.9769
79.9114
89.6825
101.852
115.968
131.58
148.247
165.548
183.095
200.534
217.552
233.879
249.294
263.617
276.717
288.502
298.921
307.956
315.622
321.96
327.029
330.909
333.688
335.465
336.34
336.416
335.791
334.559
332.809
330.62
328.064
325.203
322.09
318.769
315.277
311.644
307.892
304.038
300.098
296.081
291.995
287.847
283.644
279.392
275.098
270.77
266.417
262.05
257.681
253.322
248.989
244.697
240.463
236.304
232.237
228.281
224.453
220.771
217.253
213.913
210.767
207.83
205.112
202.625
200.375
198.369
196.609
195.095
193.821
192.781
191.963
191.35
190.922
190.655
190.518
190.479
190.499
190.536
190.546
190.479
190.287
189.915
189.312
188.426
187.203
185.594
183.554
181.04
178.014
174.447
170.313
165.598
160.294
154.405
147.941
140.928
133.397
125.396
116.978
108.212
99.1738
89.9514
80.6407
71.3462
62.1789
53.255
44.6945
36.6185
29.1474
22.3984
16.4828
11.5035
7.55219
4.70663
3.02831
2.56007
3.32413
5.32052
8.52597
12.8934
18.3521
24.8081
32.1461
40.2312
48.9116
58.0219
67.3868
76.8253
86.1549
95.1961
103.777
111.737
118.93
125.231
130.535
134.76
137.85
139.774
140.526
140.125
138.613
136.051
132.52
128.116
122.947
117.13
110.79
104.057
97.0622
89.9368
82.8117
75.8156
69.0738
62.7075
56.8333
51.5618
46.9965
43.2323
40.3529
38.4288
37.5142
37.6431
38.8265
41.0484
44.2628
48.3913
53.3214
58.9061
64.9657
71.2906
77.6463
83.781
89.4342
94.3476
98.277
101.006
102.357
102.208
100.498
97.2443
92.5409
86.5683
79.5896
71.9469
64.0513
56.3688
49.4029
43.6722
39.6859
37.9177
38.7783
42.5892
49.5584
59.7596
73.1163
89.3918
108.187
128.945
150.965
173.423
195.403
215.934
234.029
248.737
259.193
264.664
264.601
258.683
246.854
229.352
206.729
179.855
149.907
118.356
86.9198
57.5192
32.2133
13.125
2.35984
1.91791
13.6046
38.9428
79.0904
134.767
206.195
293.052
394.451
508.931
634.479
768.569
908.224
1050.1
1190.6
1325.96
1452.41
1566.3
#2
867.734
975.399
1082.1
1185.28
1282.42
1371.18
1449.42
1515.26
1567.15
1603.86
1624.56
1628.79
1616.49
1587.98
1543.93
1485.39
1413.71
1330.53
1237.74
1137.41
1031.79
923.202
814.032
706.64
603.313
506.208
417.287
338.269
270.573
215.281
173.098
144.33
128.871
126.203
135.417
155.234
184.056
220.021
261.072
305.03
349.682
392.862
432.536
466.881
494.352
513.742
524.224
525.378
517.196
500.077
474.792
442.447
404.419
362.29
317.769
272.609
228.533
187.153
149.903
117.982
92.3088
73.4944
61.827
57.2744
59.5012
67.8994
81.63
99.674
120.889
144.067
167.997
191.516
213.564
233.226
249.763
262.637
271.527
276.325
277.136
274.251
268.135
259.384
248.7
236.849
224.624
212.81
202.146
193.297
186.829
183.187
182.679
185.471
191.582
200.89
213.136
227.942
244.825
263.216
282.486
301.966
320.972
338.829
354.891
368.567
379.335
386.759
390.505
390.344
386.166
377.975
365.895
350.159
331.105
309.168
284.861
258.763
231.505
203.746
176.161
149.419
124.165
101.003
80.4829
63.084
49.2043
39.1523
33.1396
31.2787
33.5811
39.9608
50.2379
64.1469
81.3454
101.425
123.925
148.344
174.154
200.816
227.794
254.562
280.623
305.518
328.829
350.194
369.306
385.923
399.862
411.006
419.296
424.733
427.373
427.318
424.716
419.748
412.626
403.585
392.874
380.753
367.483
353.324
338.528
323.333
307.965
292.63
277.511
262.774
248.56
234.987
222.153
210.134
198.986
188.747
179.442
171.079
163.656
157.159
151.569
146.858
142.994
139.941
137.66
136.109
135.243
135.016
135.378
136.278
137.66
139.468
141.639
144.111
146.818
149.693
152.67
155.683
158.668
161.569
164.333
166.918
169.294
171.439
173.349
175.031
176.51
177.822
179.018
180.159
181.317
182.569
183.994
185.669
187.667
190.049
192.864
196.14
199.886
204.087
208.701
213.66
218.869
224.209
229.535
234.684
239.477
243.725
247.232
249.804
251.256
251.416
250.131
247.278
242.762
236.527
228.556
218.876
207.559
194.721
180.523
165.17
148.905
132.009
114.791
97.5878
80.7533
64.6531
49.6566
36.129
24.423
14.871
7.77616
3.40541
1.98106
3.67399
8.59697
16.7989
28.2601
42.888
60.5152
80.898
103.717
128.579
155.022
182.52
210.494
238.318
265.338
290.881
314.274
334.864
352.037
365.235
373.982
377.903
376.738
370.368
358.823
342.297
321.149
295.912
267.284
236.119
203.409
170.265
137.883
107.515
80.4244
57.8486
40.9499
30.7722
28.1958
33.8956
48.3046
71.5834
103.598
143.909
191.768
246.127
305.665
368.818
433.824
498.78
561.705
620.605
673.551
718.748
754.608
779.817
793.39
794.715
783.594
760.253
725.348
679.944
625.49
563.763
496.807
426.86
356.263
287.375
222.475
163.675
112.832
71.4736
40.7365
21.3188
13.4532
16.8999
30.9592
54.5051
86.0378
123.753
165.625
209.5
253.196
294.605
331.79
363.072
387.116
402.989
410.206
408.755
399.098
382.155
359.263
332.115
302.69
273.16
245.798
222.876
206.566
198.845
201.407
215.591
242.322
282.073
334.839
400.138
477.026
564.131
659.704
761.675
#3
1039.75
1237
1444.54
1657.51
1870.6
2078.26
2274.84
2454.82
2613.03
2744.77
2846.06
2913.74
2945.63
2940.57
2898.55
2820.62
2708.95
2566.68
2397.88
2207.36
2000.49
1783.07
1561.03
1340.32
1126.61
925.172
740.646
576.919
437.005
322.955
235.822
175.66
141.554
131.705
143.529
173.801
218.806
274.516
336.767
401.435
464.611
522.746
572.792
612.301
639.504
653.349
653.516
640.387
614.997
578.953
534.328
483.546
429.25
374.17
320.988
272.217
230.086
196.454
172.728
159.825
158.14
167.55
187.442
216.752
254.034
297.537
345.294
395.217
445.189
493.163
537.24
575.75
607.309
630.866
645.733
651.599
648.524
636.918
617.515
591.319
559.561
523.631
485.02
445.257
405.845
368.207
333.637
303.255
277.976
258.485
245.228
238.404
237.973
243.672
255.034
271.417
292.037
316
342.34
370.057
398.152
425.658
451.671
475.375
496.065
513.158
526.209
534.913
539.105
538.758
533.972
524.964
512.051
495.637
476.19
454.223
430.281
404.915
378.668
352.063
325.582
299.663
274.687
250.974
228.778
208.291
189.639
172.89
158.059
145.111
133.974
124.543
116.689
110.27
105.136
101.135
98.1215
95.9606
94.5311
93.7289
93.4681
93.6818
94.3213
95.355
96.7666
98.5523
100.718
103.277
106.247
109.645
113.488
117.789
122.555
127.786
133.474
139.601
146.144
153.067
160.332
167.89
175.692
183.684
191.811
200.02
208.259
216.483
224.649
232.722
240.675
248.485
256.138
263.623
270.936
278.075
285.038
291.823
298.425
304.836
311.039
317.014
322.73
328.151
333.234
337.928
342.183
345.944
349.162
351.791
353.794
355.15
355.849
355.902
355.341
354.218
352.606
350.6
348.312
345.871
343.415
341.087
339.033
337.391
336.284
335.818
336.076
337.109
338.933
341.531
344.846
348.784
353.217
357.983
362.895
367.743
372.306
376.354
379.661
382.012
383.208
383.078
381.481
378.313
373.511
367.054
358.961
349.294
338.155
325.676
312.021
297.374
281.938
265.92
249.531
232.977
216.451
200.13
184.168
168.699
153.825
139.626
126.156
113.442
101.494
90.3037
79.8497
70.1045
61.0384
52.6243
44.8431
37.6875
31.1653
25.3018
20.1415
15.7475
12.2006
9.59705
8.0444
7.65697
8.54996
10.8329
14.6026
19.9358
26.8819
35.4559
45.6325
57.341
70.4613
84.8222
100.201
116.325
132.877
149.502
165.812
181.404
195.866
208.793
219.805
228.56
234.77
238.216
238.762
236.366
231.088
223.095
212.661
200.168
186.093
170.998
155.512
140.313
126.099
113.564
103.37
96.1143
92.3039
92.3281
96.4355
104.716
117.088
133.294
152.9
175.309
199.777
225.439
251.34
276.479
299.844
320.464
337.451
350.049
357.668
359.926
356.674
348.011
334.292
316.126
294.352
270.016
244.327
218.605
194.23
172.567
154.911
142.413
136.022
136.427
144.014
158.833
180.574
208.576
241.832
279.03
318.599
358.775
397.684
433.424
464.167
488.252
504.281
511.213
508.435
495.827
473.807
443.349
405.982
363.761
319.212
275.253
235.095
202.12
179.748
171.292
179.811
207.963
257.871
330.998
428.049
548.899
692.539
857.077
#4
40.0671
58.5833
100.805
167.067
256.796
368.5
499.809
647.533
807.774
976.054
1147.47
1316.89
1479.12
1629.09
1762.1
1873.91
1960.99
2020.58
2050.83
2050.86
2020.78
1961.68
1875.61
1765.45
1634.8
1487.86
1329.28
1163.9
996.672
832.392
675.573
530.271
399.955
287.394
194.584
122.702
72.1002
42.3234
32.169
39.7685
62.6945
98.0854
142.783
193.477
246.847
299.7
349.098
392.465
427.678
453.13
467.773
471.133
463.297
444.882
416.978
381.077
338.987
292.733
244.46
196.329
150.422
108.652
72.6839
43.8755
23.2263
11.3505
8.46466
14.3945
28.5977
50.2009
78.0503
110.771
146.833
184.621
222.505
258.909
292.369
321.594
345.504
363.27
374.332
378.414
375.516
365.907
350.1
328.822
302.973
273.587
241.786
208.731
175.579
143.441
113.342
86.1874
62.7402
43.5982
29.1826
19.7331
15.3094
15.7992
20.9321
30.2975
43.3667
59.5173
78.0596
98.2627
119.381
140.679
161.454
181.055
198.902
214.499
227.441
237.424
244.247
247.809
248.109
245.238
239.369
230.75
219.69
206.545
191.709
175.597
158.635
141.245
123.836
106.793
90.4705
75.1815
61.1952
48.7324
37.9625
29.0038
21.9235
16.7398
13.4254
11.9112
12.0916
13.8296
16.9628
21.3098
26.6757
32.8587
39.6555
46.8663
54.3002
61.7786
69.1392
76.2384
82.9533
89.183
94.8493
99.8963
104.29
108.017
111.082
113.509
115.333
116.603
117.38
117.728
117.721
117.431
116.934
116.306
115.618
114.941
114.34
113.878
113.611
113.592
113.869
114.487
115.485
116.901
118.767
121.115
123.971
127.36
131.303
135.819
140.92
146.615
152.909
159.797
167.27
175.311
183.891
192.976
202.519
212.463
222.744
233.283
243.995
254.785
265.55
276.182
286.567
296.588
306.127
315.067
323.293
330.698
337.179
342.644
347.01
350.209
352.184
352.896
352.318
350.442
347.275
342.841
337.18
330.347
322.412
313.459
303.583
292.89
281.498
269.53
257.114
244.383
231.472
218.511
205.632
192.958
180.605
168.679
157.272
146.465
136.321
126.886
118.191
110.244
103.04
96.5521
90.7396
85.5457
80.9011
76.7259
72.9328
69.4301
66.1251
62.9271
59.7516
56.5228
53.1772
49.6664
45.9594
42.0449
37.9329
33.6556
29.2682
24.8487
20.4974
16.3357
12.5037
9.15827
6.46902
4.6145
3.77728
4.13833
5.87068
9.13255
14.0599
20.7589
29.2978
39.6996
51.9351
65.9167
81.4937
98.4494
116.5
135.298
154.434
173.448
191.838
209.074
224.617
237.936
248.534
255.962
259.851
259.929
256.038
248.159
236.415
221.085
202.602
181.547
158.639
134.709
110.681
87.5318
66.2581
47.8322
33.1599
23.0358
18.1031
18.8158
25.408
37.8714
55.9427
79.1012
106.58
137.387
170.34
204.11
237.277
268.389
296.029
318.882
335.801
345.868
348.451
343.24
330.286
310.006
283.189
250.972
214.803
176.392
137.639
100.56
67.1943
39.513
19.3264
8.19261
7.33455
17.5694
39.2533
72.2446
115.889
169.025
230.018
296.811
366.999
437.926
506.789
570.761
627.117
673.359
707.337
727.362
732.299
721.644
695.574
654.964
601.389
537.075
464.843
388.003
310.241
235.476
167.704
110.839
68.5384
44.0518
#5
109.569
68.0016
41.1238
31.9455
42.937
75.9019
131.875
211.048
312.726
435.32
576.377
732.644
900.166
1074.42
1250.45
1423.09
1587.1
1737.4
1869.23
1978.37
2061.26
2115.19
2138.36
2129.98
2090.28
2020.55
1923.01
1800.82
1657.87
1498.69
1328.24
1151.75
974.468
801.542
637.762
487.422
354.165
240.86
149.526
81.2742
36.3066
13.939
12.6656
30.2545
63.8688
110.21
165.674
226.518
289.017
349.627
405.122
452.721
490.178
515.861
528.787
528.635
515.726
490.977
455.833
412.171
362.199
308.339
253.106
198.992
148.348
103.292
65.6145
36.7147
17.5528
8.6238
9.95354
21.1157
41.2677
69.204
103.422
142.2
183.677
225.941
267.112
305.42
339.275
367.327
388.515
402.093
407.656
405.135
394.79
377.184
353.144
323.721
290.132
253.709
215.837
177.899
141.223
107.03
76.3952
50.2146
29.1785
13.7579
4.19927
0.527793
2.55954
9.92074
22.073
38.3433
57.9566
80.07
103.808
128.293
152.68
176.18
198.083
217.778
234.763
248.656
259.195
266.239
269.759
269.83
266.622
260.381
251.418
240.09
226.786
211.912
195.878
179.08
161.897
144.679
127.739
111.35
95.7437
81.1073
67.5857
55.2833
44.2672
34.5712
26.2004
19.1359
13.3396
8.75899
5.33144
2.98823
1.65788
1.26899
1.75245
3.04301
5.08033
7.80945
11.1809
15.1501
19.6773
24.726
30.2624
36.2545
42.6705
49.4783
56.6447
64.1342
71.909
79.9282
88.148
96.5214
104.999
113.528
122.053
130.52
138.871
147.049
154.998
162.662
169.988
176.926
183.429
189.454
194.964
199.926
204.313
208.104
211.285
213.847
215.79
217.119
217.844
217.984
217.563
216.609
215.156
213.242
210.91
208.203
205.171
201.862
198.325
194.612
190.773
186.857
182.911
178.98
175.109
171.337
167.7
164.234
160.965
157.922
155.125
152.592
150.336
148.369
146.696
145.319
144.238
143.45
142.949
142.726
142.771
143.073
143.619
144.395
145.388
146.584
147.967
149.524
151.238
153.095
155.076
157.164
159.338
161.572
163.84
166.11
168.344
170.5
172.529
174.378
175.986
177.289
178.217
178.698
178.658
178.023
176.723
174.691
171.867
168.203
163.661
158.22
151.875
144.642
136.557
127.679
118.091
107.901
97.2385
86.2592
75.1392
64.0749
53.28
42.9825
33.4208
24.839
17.4821
11.5903
7.39314
5.10265
4.90703
6.96353
11.3916
18.2659
27.6103
39.3919
53.516
69.823
88.0855
108.009
129.231
151.33
173.826
196.194
217.871
238.278
256.827
272.946
286.096
295.794
301.629
303.291
300.579
293.427
281.911
266.258
246.852
224.229
199.071
172.189
144.502
117.01
90.7615
66.8149
46.1998
29.8737
18.6803
13.3092
14.2594
21.8082
35.9884
56.5728
83.0709
114.735
150.577
189.401
229.84
270.406
309.548
345.715
377.419
403.305
422.21
433.226
435.742
429.49
414.564
391.43
360.924
324.222
282.808
238.416
192.965
148.477
106.999
70.5056
40.8169
19.5076
7.83194
6.65659
16.4097
37.0474
68.04
108.38
156.611
210.878
268.999
328.551
386.969
441.663
490.132
530.081
559.538
576.952
581.287
572.091
549.542
514.47
468.353
413.279
351.888
287.279
222.901
162.419
