#1
2324.76
2371.96
2393.25
2387.88
2355.88
2298.07
2216.01
2112
1988.97
1850.38
1700.13
1542.4
1381.51
1221.78
1067.37
922.16
789.594
672.592
573.454
493.795
434.509
395.76
376.997
376.999
393.943
425.49
468.889
521.094
578.888
639.007
698.261
753.654
802.482
842.427
871.625
888.72
892.891
883.863
861.895
827.748
782.637
728.167
666.257
599.054
528.849
457.978
388.739
323.303
263.642
211.458
168.133
134.686
111.752
99.5668
97.9735
106.443
124.102
149.783
182.066
219.35
259.91
301.965
343.75
383.574
419.885
451.321
476.755
495.33
506.485
509.966
505.826
494.418
476.372
452.564
424.08
392.164
358.175
323.526
289.636
257.873
229.505
205.655
187.264
175.06
169.532
170.926
179.234
194.205
215.359
242.011
273.298
308.219
345.668
384.483
423.479
461.498
497.439
530.298
559.198
583.408
602.367
615.691
623.18
624.814
620.749
611.298
596.922
578.199
555.81
530.507
503.088
474.374
445.181
416.301
388.475
362.382
338.621
317.7
300.03
285.918
275.57
269.087
266.477
267.656
272.459
280.649
291.932
305.963
322.363
340.727
360.638
381.678
403.433
425.508
447.53
469.156
490.075
510.017
528.749
546.08
561.859
575.978
588.364
598.983
607.834
614.945
620.374
624.2
626.523
627.46
627.139
625.699
623.286
620.047
616.132
611.688
606.859
601.784
596.593
591.407
586.341
581.494
576.957
572.809
569.116
565.932
563.3
561.251
559.803
558.967
558.74
559.112
560.067
561.578
563.615
566.143
569.121
572.507
576.259
580.332
584.683
589.269
594.049
598.984
604.038
609.175
614.365
619.575
624.775
629.935
635.024
640.009
644.854
649.517
653.953
658.109
661.924
665.332
668.256
670.612
672.308
673.248
673.326
672.436
670.468
667.314
662.869
657.035
649.723
640.857
630.376
618.238
604.421
588.927
571.784
553.044
532.787
511.122
488.18
464.121
439.128
413.404
387.171
360.667
334.141
307.85
282.056
257.019
232.996
210.235
188.971
169.422
151.783
136.229
122.901
111.91
103.334
97.2081
93.5296
92.2515
93.282
96.4836
101.673
108.623
117.062
126.681
137.136
148.054
159.044
169.701
179.623
188.417
195.714
201.182
204.536
205.553
204.079
200.04
193.447
184.401
173.087
159.779
144.824
128.637
111.684
94.4664
77.5005
61.2981
46.3462
33.0857
21.894
13.0684
6.81386
3.23423
2.32841
3.99106
8.01817
14.1171
21.9207
31.0045
40.9061
51.1468
61.252
70.772
79.3004
86.4897
92.0636
95.8256
97.6627
97.5461
95.5271
91.7299
86.342
79.6021
71.7876
63.2013
54.1592
44.9789
35.9711
27.4317
19.6376
12.8439
7.28347
3.16784
0.689292
0.0228941
1.32834
4.75066
10.4193
18.4455
28.9167
41.89
57.3825
75.3613
95.7321
118.329
142.903
169.119
196.548
224.669
252.88
280.502
306.805
331.029
352.415
370.241
383.859
392.74
396.509
394.99
388.236
376.559
360.549
341.085
319.328
296.706
274.883
255.718
241.203
233.397
234.351
246.016
270.165
308.298
361.561
430.673
515.861
616.812
732.644
861.901
1002.56
1152.08
1307.45
1465.27
1621.86
1773.38
1915.94
2045.74
2159.2
2253.12
#2
953.272
1076.65
1191.18
1293.09
1378.97
1445.91
1491.68
1514.72
1514.28
1490.42
1444
1376.67
1290.74
1189.15
1075.32
952.983
826.077
698.561
574.269
456.761
349.193
254.207
173.845
109.488
61.8347
30.899
16.0428
16.0347
29.1309
53.1751
85.7125
124.11
165.681
207.804
248.031
284.189
314.457
337.423
352.127
358.074
355.225
343.971
325.093
299.692
269.125
234.925
198.717
162.137
126.756
94.0122
65.1488
41.1717
22.8156
10.5267
4.45925
4.48594
10.22
21.0477
36.1694
54.6454
75.4457
97.5
119.746
141.175
160.87
178.04
192.043
202.405
208.825
211.181
209.517
204.035
195.071
183.078
168.594
152.222
134.596
116.357
98.1321
80.5055
64.0056
49.0881
36.1255
25.4002
17.1016
11.3271
8.0856
7.30435
8.83777
12.478
17.9664
25.0059
33.2734
42.4312
52.1389
62.0636
71.8885
81.3212
90.0995
97.9966
104.824
110.434
114.721
117.618
119.099
119.175
117.89
115.321
111.567
106.754
101.023
94.5296
87.438
79.9181
72.1404
64.2731
56.4785
48.91
41.71
35.0072
28.9153
23.5318
18.9367
15.1924
12.3437
10.4176
9.42429
9.35762
10.1965
11.9058
14.4383
17.7355
21.7299
26.3461
31.5028
37.1143
43.0921
49.3463
55.7871
62.3262
68.8778
75.3596
81.6941
87.8093
93.6391
99.1242
104.213
108.86
113.03
116.695
119.832
122.432
124.489
126.008
127
127.483
127.483
127.032
126.166
124.928
123.363
121.522
119.455
117.214
114.853
112.424
109.977
107.559
105.214
102.982
100.898
98.9909
97.2835
95.7935
94.532
93.5048
92.7119
92.1487
91.8064
91.6728
91.7333
91.9717
92.3711
92.915
93.5875
94.3749
95.2653
96.2494
97.3204
98.4741
99.7085
101.023
102.419
103.898
105.46
107.104
108.827
110.624
112.484
114.396
116.339
118.292
120.228
122.118
123.927
125.621
127.165
128.521
129.657
130.54
131.144
131.447
131.432
131.09
130.416
129.414
128.095
126.471
124.564
122.396
119.99
117.373
114.569
111.598
108.48
105.227
101.848
98.3448
94.7146
90.9493
87.0368
82.962
78.7092
74.2634
69.6132
64.7525
59.6836
54.4191
48.984
43.4181
37.7768
32.1322
26.5737
21.2072
16.1542
11.55
7.5408
4.28049
1.92635
0.634251
0.553308
1.82006
4.55241
8.84344
14.7554
22.3141
31.5036
42.2624
54.4798
67.9947
82.5949
98.0189
113.959
130.069
145.966
161.247
175.496
188.296
199.246
207.974
214.153
217.517
217.874
215.117
209.241
200.344
188.636
174.439
158.183
140.4
121.71
102.803
84.4225
67.3389
52.3214
40.1099
31.3846
26.7361
26.6369
31.4162
41.2377
56.0837
75.7448
99.8172
127.707
158.645
191.702
225.826
259.867
292.627
322.901
349.522
371.418
387.651
397.468
400.335
395.972
384.373
365.821
340.886
310.416
275.513
237.495
197.853
158.198
120.19
85.4789
55.63
32.0556
15.9494
8.22731
9.47826
19.9265
39.409
67.368
102.862
144.591
190.943
240.054
289.878
338.278
383.111
422.332
454.086
476.8
489.27
490.73
480.903
460.044
428.941
388.917
341.785
289.793
235.547
181.909
131.879
88.4783
54.6106
32.9342
25.7368
34.8206
61.4066
106.059
168.638
248.276
343.391
451.729
570.428
696.125
825.07
#3
161.022
163.442
164.027
162.886
160.2
156.21
151.21
145.532
139.532
133.575
128.016
123.185
119.373
116.816
115.688
116.089
118.045
121.502
126.332
132.337
139.259
146.791
154.588
162.287
169.517
175.92
181.162
184.948
187.034
187.238
185.443
181.605
175.752
167.983
158.463
147.414
135.109
121.86
108.005
93.8959
79.8854
66.3159
53.5066
41.7436
31.2715
22.2859
14.9293
9.28789
5.391
3.21263
2.67467
3.65191
5.97843
9.45516
13.8582
18.9476
24.4764
30.1994
35.8813
41.3044
46.2751
50.6293
54.2366
57.0026
58.871
59.8224
59.874
59.0758
57.508
55.2752
52.5021
49.327
45.8963
42.3582
38.8572
35.5287
32.4944
29.8585
27.7046
26.0939
25.064
24.6289
24.7801
25.4881
26.7051
28.3678
30.4012
32.7217
35.2416
37.8722
40.5274
43.1269
45.5985
47.8803
49.922
51.686
53.1472
54.2932
55.1232
55.6472
55.884
55.8601
55.6076
55.1626
54.5636
53.8496
53.0588
52.2278
51.3901
50.5758
49.8109
49.1173
48.5125
48.0095
47.6174
47.3415
47.1833
47.1413
47.2109
47.3852
47.6547
48.0081
48.4322
48.9125
49.4332
49.9774
50.5277
51.0659
51.574
52.0342
52.4289
52.7415
52.9569
53.0609
53.0418
52.8896
52.5967
52.158
51.5711
50.8363
49.9565
48.937
47.7859
46.5134
45.1316
43.6544
42.0972
40.4764
38.8093
37.1135
35.4067
33.7064
32.0295
30.3921
28.8092
27.2947
25.8609
24.5186
23.2771
22.144
21.1255
20.2264
19.4501
18.799
18.275
17.879
17.6119
17.4743
17.4672
17.5915
17.8489
18.2409
18.7697
19.4372
20.2453
21.1951
22.2867
23.5188
24.888
26.3885
28.0117
29.7457
31.5754
33.4821
35.4435
37.4345
39.427
41.3907
43.2939
45.1039
46.7884
48.316
49.6576
50.7865
51.68
52.3195
52.6913
52.7869
52.6028
52.1411
51.4087
50.4173
49.1824
47.7234
46.0621
44.2225
42.23
40.1102
37.8891
35.5917
33.2422
30.8634
28.4764
26.1007
23.7541
21.453
19.2121
17.0453
14.9649
12.983
11.1105
9.35819
7.73615
6.25407
4.92107
3.74558
2.73514
1.89614
1.23355
0.750559
0.448334
0.325662
0.3787
0.600751
0.982095
1.50991
2.16824
2.93815
3.79782
4.72294
5.68704
6.66201
7.61875
8.52778
9.36011
10.088
10.6859
11.1312
11.4055
11.495
11.3915
11.0931
10.6048
9.93862
9.11378
8.15671
7.10057
5.98459
4.85312
3.75442
2.73915
1.85871
1.16332
0.700098
0.511019
0.63096
1.08587
1.89115
3.05038
4.55435
6.38066
8.49376
10.8455
13.3763
16.017
18.6906
21.3156
23.8081
26.0857
28.0705
29.6923
30.8917
31.6226
31.8548
31.5751
30.7886
29.5185
27.8056
25.7068
23.2929
20.6459
17.8554
15.015
12.2188
9.55694
7.11266
4.95863
3.15459
1.74534
0.759649
0.210037
0.093305
0.391919
1.07604
2.10611
3.43574
5.01477
6.79228
8.71927
10.7509
12.8483
14.9791
17.1179
19.2459
21.3488
23.4158
25.4369
27.4007
29.2917
31.0886
32.7626
34.2769
35.5863
36.6387
37.3774
37.7437
37.6813
37.1406
36.0839
34.4905
32.361
29.7218
26.6284
23.1664
19.4528
15.6335
11.8807
8.38738
5.36065
3.01352
1.5556
1.1831
2.06868
4.35169
8.12922
13.4487
20.3023
28.6237
38.2873
49.1106
60.8587
73.2522
85.9771
98.6968
111.066
122.744
133.41
142.78
150.614
156.733
#4
119.242
150.821
181.629
209.986
234.378
253.545
266.56
272.888
272.427
265.524
252.974
235.984
216.124
195.256
175.438
158.829
147.571
143.682
148.944
164.804
192.286
231.927
283.727
347.132
421.037
503.818
593.387
687.268
782.698
876.73
966.361
1048.65
1120.83
1180.45
1225.43
1254.2
1265.71
1259.51
1235.72
1195.07
1138.84
1068.8
987.134
896.367
799.242
698.62
597.371
498.264
403.868
316.466
237.978
169.913
113.325
68.7987
36.4564
15.9741
6.62316
7.32143
16.6979
33.1647
54.9936
80.3942
107.589
134.886
160.738
183.798
202.96
217.386
226.525
230.113
228.163
220.95
208.977
192.939
173.684
152.161
129.381
106.364
84.1003
63.5062
45.3939
30.4419
19.1745
11.9485
8.9475
10.1826
15.5005
24.5971
37.0361
52.2712
69.6714
88.5482
108.183
127.854
146.864
164.56
180.358
193.757
204.357
211.864
216.096
216.987
214.582
209.032
200.582
189.564
176.376
161.471
145.337
128.483
111.416
94.6295
78.587
63.7064
50.3504
38.8163
29.3301
22.0421
17.026
14.2801
13.7317
15.2432
18.6199
23.6202
29.9662
37.3549
45.4703
53.9951
62.6207
71.0581
79.0456
86.3563
92.8028
98.2411
102.572
105.739
107.731
108.573
108.325
107.077
104.939
102.04
98.5155
94.5067
90.1508
85.5779
80.9064
76.2399
71.6652
67.2508
63.0472
59.0872
55.3879
51.9522
48.7717
45.8293
43.1022
40.5643
38.1893
35.9527
33.8339
31.8175
29.8945
28.063
26.328
24.7014
23.2016
21.8525
20.6822
19.7227
19.0078
18.5725
18.4517
18.679
19.2859
20.301
21.749
23.6501
26.02
28.8684
32.1994
36.011
40.2944
45.034
50.207
55.7833
61.7251
67.9872
74.5166
81.253
88.1291
95.0709
101.999
108.828
115.471
121.838
127.836
133.378
138.376
142.75
146.426
149.339
151.435
152.675
153.031
152.492
151.063
148.766
145.638
141.731
137.112
131.861
126.069
119.836
113.267
106.47
99.5558
92.6305
85.7969
79.1499
72.7755
66.7481
61.13
55.9702
51.3043
47.1542
43.5292
40.427
37.8346
35.7305
34.0858
32.8668
32.0359
31.5541
31.3816
31.4794
31.8099
32.3375
33.0283
33.8501
34.7718
35.7625
36.7908
37.8239
38.8268
39.7621
40.5892
41.2655
41.746
41.9856
41.9403
41.5694
40.8384
39.7216
38.2053
36.2906
33.9958
31.3587
28.4382
25.3142
22.0877
18.8785
15.8225
13.0674
10.7674
9.07652
8.14186
8.09564
9.04757
11.0774
14.228
18.5002
23.8484
30.1786
37.3491
45.1728
53.4224
61.8389
70.1412
78.0389
85.2456
91.4937
96.5498
100.228
102.405
103.027
102.121
99.7961
96.2449
91.7367
86.6089
81.2522
76.0925
71.569
68.1104
66.1093
65.8971
67.7209
71.7227
77.9238
86.2147
96.3516
107.961
120.552
133.535
146.248
157.992
168.067
175.808
180.634
182.079
179.829
173.753
163.921
150.613
134.321
115.732
95.7089
75.2498
55.4464
37.4298
22.3133
11.1326
4.78698
3.98549
9.19995
20.6289
38.1743
61.4327
89.7025
122.007
157.131
193.677
230.124
264.899
296.459
323.363
344.349
358.401
364.805
363.19
353.555
336.275
312.091
282.076
247.589
210.208
171.656
133.716
98.1422
66.5682
40.4276
20.8779
8.74075
4.45886
8.07219
19.2155
37.1377
60.7411
88.6413
#5
108.684
72.5656
41.3292
17.5693
3.78157
2.24655
14.9161
43.3078
88.4129
150.622
229.672
324.621
433.851
555.094
685.495
821.698
959.957
1096.27
1226.51
1346.62
1452.73
1541.33
1609.42
1654.63
1675.31
1670.65
1640.65
1586.19
1508.98
1411.51
1296.92
1168.94
1031.67
889.504
746.88
608.16
477.442
358.409
254.191
167.259
99.3396
51.3678
23.4744
15.0044
24.5706
50.1356
89.1203
138.531
195.103
255.446
316.198
374.164
426.449
470.568
504.54
526.946
536.973
534.416
519.663
493.648
457.785
413.881
364.037
310.541
255.754
202
151.466
106.107
67.5683
37.1305
15.6645
3.61408
0.99593
7.41889
22.1206
44.0186
71.7731
103.858
138.634
174.428
209.603
242.626
272.13
296.959
316.206
329.236
335.7
335.529
328.925
316.331
298.407
275.986
250.03
221.588
191.748
161.594
132.163
104.41
79.1795
57.1789
38.9631
24.9242
15.289
10.1215
9.33259
12.6932
19.8525
30.3575
43.6763
59.2206
76.3687
94.4883
112.957
131.179
148.605
164.743
179.166
191.524
201.548
209.045
213.906
216.097
215.654
212.682
207.338
199.831
190.408
179.348
166.949
153.521
139.381
124.839
110.198
95.7416
81.7357
68.4202
56.0078
44.6817
34.5948
25.869
18.596
12.838
8.62923
5.97808
4.86901
5.26511
7.11058
10.3333
14.8472
20.5551
27.3505
35.1201
43.7457
53.1059
63.0775
73.5374
84.3632
95.4343
106.633
117.846
128.962
139.878
150.492
160.712
170.448
179.621
188.156
195.987
203.055
209.311
214.714
219.231
222.842
225.533
227.302
228.157
228.115
227.203
225.458
222.925
219.656
215.713
211.162
206.074
200.525
194.593
188.358
181.9
175.299
168.629
161.966
155.378
148.929
142.679
136.679
130.976
125.61
120.614
116.017
111.84
108.1
104.809
101.973
99.5981
97.6833
96.2268
95.2239
94.668
94.5503
94.8601
95.5849
96.7101
98.2188
100.092
102.306
104.838
107.656
110.731
114.024
117.495
121.101
124.794
128.522
132.232
135.867
139.369
142.681
145.744
148.502
150.899
152.886
154.415
155.445
155.94
155.871
155.214
153.957
152.089
149.613
146.533
142.865
138.627
133.848
128.557
122.793
116.597
110.015
103.097
95.8964
88.4714
80.8833
73.197
65.4818
57.8106
50.2605
42.9128
35.8525
29.1683
22.9519
17.2971
12.2991
8.05263
4.65047
2.18145
0.72809
0.364052
1.15141
3.13777
6.35337
10.8082
16.4893
23.3585
31.3501
40.3697
50.2934
60.9675
72.2096
83.8107
95.5376
107.137
118.342
128.875
138.46
146.823
153.71
158.887
162.157
163.364
162.4
159.221
153.843
146.355
136.915
125.756
113.18
99.5547
85.3071
70.9104
56.8732
43.7235
31.9919
22.1927
14.8053
10.2541
8.89022
10.974
16.6601
25.985
38.8594
55.063
74.2461
95.9345
119.54
144.377
169.683
194.639
218.406
240.147
259.062
274.423
285.601
292.097
293.566
289.84
280.938
267.079
248.675
226.332
200.826
173.083
144.148
115.148
87.2458
61.5994
39.3092
21.372
8.63389
1.74881
1.14204
6.98246
19.1642
37.2995
60.7234
88.5114
119.509
152.373
185.627
217.718
247.093
272.264
291.887
304.837
310.27
307.683
296.963
278.418
252.789
221.248
185.373
147.106
#6
423.014
390.139
349.326
302.353
251.393
198.939
147.714
100.56
60.3233
29.7325
11.2736
7.07424
18.7966
47.5474
93.808
157.389
237.411
332.316
439.907
557.414
681.59
808.822
935.267
1057
1170.15
1271.08
1356.5
1423.61
1470.21
1494.77
1496.54
1475.52
1432.46
1368.89
1286.96
1189.43
1079.52
960.763
836.912
711.745
588.942
471.944
363.828
267.2
184.113
116.011
63.6962
27.331
6.46037
0.0626671
6.62181
24.2167
50.6241
83.4293
120.14
158.296
195.574
229.882
259.431
282.801
298.973
307.356
307.782
300.487
286.077
265.472
239.848
210.567
179.098
146.95
115.593
86.395
60.5662
39.11
22.7894
12.1051
7.28671
8.29648
14.845
26.4166
42.3033
61.6448
83.4732
106.759
130.458
153.553
175.097
194.244
210.283
222.652
230.958
234.979
234.667
230.137
221.654
209.618
194.538
177.009
157.686
137.257
116.419
95.8497
76.188
58.0148
41.8359
28.0705
17.0424
8.975
3.99039
2.11117
3.26562
7.29541
13.9654
22.9749
33.9708
46.5601
60.3243
74.832
89.6525
104.367
118.579
131.926
144.084
154.776
163.776
170.911
176.065
179.175
180.23
179.27
176.381
171.689
165.354
157.566
148.537
138.492
127.667
116.301
104.627
92.8736
81.2528
69.9622
59.1791
49.0593
39.7355
31.3168
23.8885
17.5133
12.2321
8.06582
5.01692
3.07178
2.20254
2.36927
3.52186
5.60186
8.54401
12.2777
16.7279
21.8165
27.4627
33.5837
40.0953
46.9125
53.9495
61.1209
68.3414
75.5274
82.5971
89.4713
96.0752
102.338
108.196
113.592
118.476
122.809
126.559
129.706
132.242
134.168
135.496
136.249
136.46
136.172
135.432
134.298
132.831
131.093
129.152
127.073
124.919
122.753
120.63
118.601
116.71
114.994
113.481
112.192
111.141
110.334
109.769
109.441
109.337
109.444
109.742
110.213
110.839
111.601
112.484
113.474
114.562
115.742
117.014
118.379
119.845
121.42
123.117
124.951
126.937
129.089
131.421
133.944
136.666
139.59
142.714
146.03
149.525
153.176
156.957
160.833
164.763
168.7
172.594
176.386
180.018
183.426
186.547
189.315
191.667
193.538
194.869
195.602
195.683
195.066
193.709
191.576
188.641
184.886
180.302
174.89
168.662
161.643
153.87
145.392
136.274
126.592
116.437
105.915
95.1422
84.25
73.3794
62.681
52.313
42.4386
33.2236
24.8328
17.4271
11.1599
6.17303
2.59349
0.529309
0.0661215
1.26375
4.15319
8.73393
14.972
22.7983
32.1081
42.7611
54.5817
67.3617
80.862
94.817
108.938
122.921
136.448
149.2
160.86
171.123
179.704
186.348
190.834
192.99
192.694
189.886
184.569
176.818
166.78
154.673
140.787
125.48
109.169
92.3232
75.4531
59.0946
43.7945
30.0927
18.5042
9.49921
3.48428
0.784104
1.6247
6.11915
14.2566
25.8948
40.758
58.4386
78.4058
100.018
122.542
145.176
167.078
187.399
205.312
220.054
230.955
237.477
239.237
236.04
227.89
215.008
197.829
177
153.361
127.919
101.816
76.2855
52.6024
32.0301
15.7641
4.87541
0.255972
2.56948
12.2093
29.2665
53.509
84.3753
120.982
162.145
206.421
252.154
297.542
340.712
379.801
413.038
438.838
455.875
463.165
460.125
446.625
#7
346.861
356.344
357.31
349.479
332.988
308.413
276.766
239.479
198.361
155.545
113.409
74.4867
41.3691
16.5922
2.52647
1.26636
14.5268
43.5511
89.0347
151.069
229.11
321.967
427.827
544.298
668.481
797.063
926.437
1052.83
1172.42
1281.55
1376.76
1455.03
1513.83
1551.26
1566.08
1557.83
1526.77
1473.95
1401.11
1310.61
1205.41
1088.85
964.596
836.47
708.301
583.789
466.365
359.071
264.453
184.486
120.514
73.2243
42.6494
28.1913
28.6748
42.4217
67.3427
101.043
140.934
184.354
228.68
271.435
310.385
343.623
369.626
387.306
396.025
395.602
386.292
368.752
343.986
313.283
278.14
240.189
201.111
162.559
126.09
93.0927
64.7413
41.9506
25.3502
15.271
11.747
14.5284
23.1081
36.7569
54.5669
75.5004
98.4414
122.247
145.8
168.049
188.058
205.031
218.341
227.547
232.4
232.843
229
221.164
209.772
195.378
178.629
160.226
140.9
121.378
102.355
84.4732
68.296
54.2954
42.8392
34.1849
28.477
25.75
25.9341
28.8651
34.2961
41.9122
51.3451
62.1896
74.019
86.4006
98.9096
111.142
122.725
133.327
142.663
150.5
156.66
161.023
163.521
164.14
162.916
159.93
155.302
149.186
141.762
133.234
123.82
113.746
103.244
92.5426
81.8645
71.4225
61.4157
52.0263
43.4178
35.7329
29.0925
23.5948
19.3153
16.3066
14.5991
14.2018
15.1031
17.2725
20.6617
25.2062
30.8271
37.4331
44.922
53.1826
62.0968
71.5414
81.3901
91.5149
101.789
112.085
122.284
132.268
141.928
151.161
159.876
167.989
175.43
182.138
188.066
193.179
197.453
200.879
203.458
205.203
206.14
206.302
205.732
204.484
202.615
200.189
197.275
193.944
190.27
186.326
182.185
177.919
173.597
169.283
165.04
160.924
156.986
153.275
149.83
146.689
143.884
141.439
139.378
137.717
136.469
135.643
135.243
135.271
135.722
136.59
137.864
139.527
141.561
143.94
146.635
149.614
152.836
156.26
159.837
163.516
167.241
170.953
174.592
178.096
181.401
184.446
187.169
189.514
191.428
192.86
193.771
194.123
193.89
193.052
191.599
189.529
186.847
183.569
179.718
175.323
170.419
165.047
159.253
153.085
146.592
139.825
132.835
125.671
118.381
111.009
103.598
96.1865
88.8112
81.5049
74.2982
67.22
60.2977
53.5584
47.0302
40.7424
34.7274
29.0209
23.6635
18.7011
14.1854
10.1744
6.73219
3.92878
1.8391
0.541885
0.117902
0.647831
2.20961
4.87541
8.70819
13.7581
20.0584
27.6219
36.4369
46.4638
57.6317
69.8367
82.9396
96.7654
111.105
125.714
140.321
154.628
168.317
181.061
192.529
202.397
210.361
216.143
219.509
220.274
218.316
213.584
206.105
195.989
183.432
168.718
152.211
134.354
115.656
96.6791
78.0234
60.3092
44.1558
30.1596
18.8724
10.7784
6.27346
5.64595
9.06034
16.5448
27.9831
43.1117
61.5224
82.6708
105.89
130.412
155.389
179.927
203.115
224.063
241.935
255.987
265.598
270.302
269.814
264.046
253.124
237.384
217.375
193.84
167.694
139.993
111.895
84.6179
59.3854
37.3796
19.6863
7.24513
0.802717
0.872265
7.7015
21.2507
41.1821
66.8628
97.3793
131.567
168.052
205.303
241.693
275.572
305.341
329.528
