#1
1482.86
1481.7
1463.09
1427.66
1376.56
1311.36
1234.07
1147.01
1052.76
954.038
853.632
754.286
658.608
568.98
487.479
415.812
355.262
306.66
270.368
246.281
233.856
232.145
239.852
255.397
276.996
302.736
330.658
358.842
385.476
408.932
427.815
441.011
447.72
447.468
440.112
425.824
405.073
378.58
347.283
312.281
274.78
236.041
197.321
159.824
124.656
92.787
65.0174
41.9583
24.0173
11.3952
4.0895
1.90651
4.47957
11.2927
21.7083
34.9975
50.3719
67.0157
84.1161
100.892
116.621
130.662
142.47
151.617
157.795
160.825
160.659
157.37
151.152
142.306
131.222
118.369
104.272
89.4935
74.6126
60.2033
46.8157
34.9565
25.0724
17.5358
12.633
10.5563
11.3989
15.1544
21.7187
30.8961
42.4086
55.907
70.9855
87.1966
104.068
121.119
137.876
153.893
168.757
182.108
193.645
203.134
210.413
215.393
218.06
218.468
216.737
213.044
207.615
200.717
192.644
183.711
174.24
164.552
154.956
145.742
137.176
129.49
122.881
117.506
113.482
110.886
109.756
110.091
111.857
114.988
119.394
124.961
131.559
139.048
147.279
156.098
165.357
174.908
184.615
194.348
203.994
213.448
222.624
231.449
239.862
247.82
255.29
262.251
268.694
274.618
280.028
284.938
289.365
293.327
296.848
299.95
302.656
304.987
306.965
308.609
309.935
310.962
311.702
312.171
312.38
312.342
312.071
311.579
310.882
309.996
308.939
307.731
306.395
304.957
303.444
301.887
300.319
298.774
297.292
295.909
294.667
293.608
292.772
292.203
291.941
292.028
292.501
293.398
294.751
296.591
298.941
301.821
305.244
309.213
313.725
318.768
324.316
330.335
336.777
343.583
350.679
357.979
365.383
372.78
380.046
387.046
393.637
399.669
404.986
409.43
412.844
415.077
415.983
415.427
413.291
409.474
403.896
396.502
387.268
376.195
363.321
348.714
332.477
314.749
295.698
275.526
254.461
232.757
210.688
188.544
166.626
145.236
124.675
105.236
87.1955
70.8066
56.2955
43.8542
33.636
25.7515
20.2657
17.1962
16.5125
18.1363
21.9435
27.767
35.4006
44.6037
55.1074
66.6203
78.8356
91.4376
104.109
116.539
128.425
139.487
149.466
158.131
165.284
170.764
174.449
176.256
176.147
174.125
170.234
164.561
157.231
148.406
138.281
127.082
115.055
102.47
89.607
76.753
64.1951
52.2131
41.0725
31.018
22.2668
15.0035
9.3745
5.48475
3.3946
3.11838
4.62403
7.83402
12.6275
18.8432
26.284
34.7215
43.9016
53.5506
63.3819
73.1022
82.4188
91.0462
98.7136
105.171
110.198
113.608
115.258
115.053
112.951
108.973
103.199
95.7787
86.9286
76.9305
66.1292
54.9258
43.7689
33.142
23.5498
15.5003
9.48557
5.96177
5.32736
7.90239
13.9088
23.4532
36.5126
52.9254
72.3861
94.4476
118.529
143.927
169.844
195.404
219.693
241.793
260.819
275.961
286.524
291.967
291.936
286.295
275.147
258.85
238.016
213.514
186.443
158.116
130.014
103.745
80.9885
63.4377
52.733
50.3984
57.7762
75.9663
105.771
147.647
201.673
267.519
344.444
431.298
526.542
628.285
734.333
842.254
949.451
1053.24
1150.96
1240.02
1318.04
1382.89
1432.8
1466.42
#2
153.088
207.095
265.47
326.417
388.155
448.969
507.244
561.494
610.395
652.797
687.745
714.488
732.486
741.414
741.166
731.848
713.781
687.487
653.688
613.284
567.343
517.076
463.812
408.966
354.004
300.407
249.622
203.026
161.874
127.258
100.07
80.96
70.3162
68.2397
74.5378
88.7253
110.038
137.458
169.749
205.503
243.189
281.22
318.008
352.032
381.892
406.373
424.487
435.51
439.014
434.876
423.282
404.714
379.922
349.893
315.804
278.967
240.778
202.651
165.965
132.009
101.926
76.682
57.0231
43.4593
36.2504
35.4057
40.6936
51.6609
67.6599
87.8825
111.399
137.201
164.242
191.482
217.924
242.652
264.861
283.879
299.185
310.421
317.393
320.071
318.575
313.166
304.224
292.228
277.735
261.349
243.704
225.434
207.157
189.45
172.84
157.781
144.655
133.756
125.293
119.388
116.08
115.328
117.021
120.984
126.99
134.77
144.022
154.424
165.643
177.344
189.2
200.898
212.145
222.676
232.254
240.676
247.773
253.412
257.493
259.954
260.762
259.918
257.449
253.411
247.88
240.955
232.75
223.394
213.03
201.807
189.882
177.417
164.575
151.517
138.404
125.391
112.628
100.257
88.4098
77.2059
66.7535
57.1461
48.4617
40.7618
34.0906
28.4743
23.9208
20.4196
17.9425
16.4435
15.8607
16.1171
17.1228
18.7766
20.9688
23.5835
26.5014
29.6027
32.7698
35.8902
38.8587
41.5801
43.9712
45.9621
47.4976
48.5383
49.0602
49.0551
48.5299
47.5054
46.0152
44.104
41.8258
39.2423
36.4205
33.4312
30.3471
27.2415
24.1867
21.2533
18.5092
16.0194
13.8457
12.047
10.6791
9.79541
9.44727
9.6841
10.5537
12.1023
14.3743
17.4116
21.2529
25.9327
31.4795
37.9143
45.2489
53.4837
62.6058
72.5874
83.3837
94.9323
107.152
119.942
133.184
146.74
160.459
174.173
187.705
200.871
213.483
225.355
236.304
246.16
254.766
261.984
267.698
271.816
274.277
275.046
274.12
271.528
267.324
261.593
254.446
246.014
236.449
225.916
214.592
202.66
190.306
177.714
165.063
152.522
140.251
128.393
117.081
106.426
96.5255
87.4605
79.2952
72.0791
65.8483
60.6266
56.4279
53.2571
51.1125
49.9865
49.8673
50.7394
52.5841
55.3793
59.0989
63.7118
69.1804
75.4588
82.4906
90.2068
98.5233
107.339
116.535
125.971
135.489
144.912
154.044
162.678
170.597
177.583
183.421
187.913
190.882
192.187
191.732
189.476
185.443
179.729
172.509
164.039
154.658
144.78
134.892
125.535
117.293
110.771
106.569
105.262
107.367
113.315
123.427
137.885
156.712
179.755
206.677
236.949
269.858
304.525
339.918
374.895
408.234
438.684
465.012
486.06
500.798
508.376
508.177
499.851
483.357
458.978
427.338
389.388
346.397
299.912
251.717
203.768
158.129
116.893
82.1018
55.6606
39.2594
34.2963
41.8118
62.4336
96.3375
143.224
202.314
272.363
351.692
438.241
529.634
623.258
716.357
806.126
889.813
964.819
1028.79
1079.71
1115.97
1136.41
1140.39
1127.8
1099.04
1055.04
997.182
927.281
847.497
760.26
668.184
573.971
480.319
389.836
304.951
227.844
160.383
104.075
60.0378
28.9761
11.1842
6.55577
14.6094
34.5236
65.1815
105.221
#3
707.723
812.047
913.357
1008.62
1094.95
1169.68
1230.53
1275.61
1303.55
1313.52
1305.28
1279.16
1236.06
1177.42
1105.11
1021.43
928.949
830.447
728.79
626.83
527.296
432.702
345.26
266.813
198.781
142.129
97.3537
64.4893
43.1343
32.492
31.4277
38.5356
52.2145
70.7472
92.3803
115.401
138.208
159.371
177.682
192.192
202.231
207.42
207.665
203.135
194.237
181.578
165.916
148.116
129.096
109.778
91.0442
73.6906
58.3978
45.7024
35.98
29.4369
26.1109
25.8796
28.4768
33.5143
40.5088
48.9107
58.1352
67.593
76.7181
84.9944
91.9765
97.3068
100.727
102.084
101.331
98.5223
93.805
87.4068
79.6205
70.7867
61.2762
51.4711
41.7483
32.4633
23.9365
16.4428
10.203
5.37871
2.07028
0.317444
0.102328
1.35472
3.95897
7.76207
12.5825
18.2193
24.4611
31.0943
37.9106
44.7138
51.3248
57.5853
63.361
68.5424
73.0457
76.8114
79.8033
82.0059
83.4221
84.0703
83.9815
83.1965
81.7633
79.7346
77.1663
74.1158
70.6408
66.7988
62.6466
58.2403
53.6357
48.8885
44.0547
39.1913
34.3567
29.6108
25.0151
20.6333
16.53
12.7709
9.42168
6.54715
4.20992
2.46914
1.37901
0.98732
1.33399
2.44965
4.35449
7.05714
10.554
14.8287
19.8521
25.5822
31.9651
38.9358
46.4191
54.3317
62.5834
71.0796
79.7229
88.4155
97.0612
105.568
113.848
121.822
129.421
136.582
143.256
149.404
155
160.028
164.485
168.376
171.717
174.534
176.857
178.724
180.177
181.261
182.023
182.509
182.764
182.832
182.753
182.56
182.286
181.955
181.586
181.191
180.779
180.35
179.899
179.418
178.892
178.306
177.638
176.867
175.97
174.926
173.714
172.314
170.711
168.894
166.853
164.589
162.103
159.405
156.51
153.438
150.215
146.87
143.439
139.959
136.471
133.016
129.638
126.378
123.279
120.379
117.716
115.323
113.231
111.465
110.046
108.992
108.313
108.017
108.105
108.57
109.404
110.59
112.104
113.915
115.988
118.277
120.729
123.285
125.877
128.431
130.867
133.098
135.038
136.594
137.678
138.203
138.089
137.265
135.672
133.267
130.026
125.945
121.045
115.37
108.994
102.015
94.562
86.7865
78.866
70.9991
63.402
56.3046
49.9446
44.5625
40.3946
37.6668
36.5871
37.3388
40.0735
44.9046
51.9006
61.0803
72.4076
85.7886
101.069
118.034
136.41
155.866
176.019
196.442
216.674
236.226
254.6
271.297
285.839
297.778
306.718
312.329
314.364
312.668
307.198
298.023
285.337
269.453
250.808
229.948
207.52
184.253
160.937
138.399
117.472
98.9633
83.6284
72.1342
65.0313
62.7267
65.4612
73.2922
86.0836
103.502
125.024
149.945
177.407
206.422
235.912
264.747
291.794
315.96
336.244
351.777
361.87
366.04
364.046
355.9
341.874
322.501
298.551
271.007
241.029
209.906
178.998
149.685
123.3
101.068
84.053
73.1028
68.8055
71.4576
81.043
97.2263
119.36
146.508
177.479
210.876
245.159
278.706
309.894
337.172
359.134
374.594
382.649
382.731
374.648
358.605
335.217
305.494
270.813
232.876
193.642
155.256
119.964
90.0174
67.5771
54.6183
52.8389
63.5776
87.7441
125.765
177.55
242.475
319.39
406.649
502.156
603.437
#4
542.854
497.964
446.154
389.624
330.892
272.678
217.788
168.978
128.823
99.5908
83.1275
80.757
93.2061
120.555
162.218
216.951
282.899
357.662
438.396
521.932
604.911
683.936
755.721
817.236
865.849
899.446
916.529
916.285
898.628
864.208
814.382
751.158
677.109
595.257
508.945
421.688
337.019
258.336
188.756
130.979
87.1774
58.9047
47.0352
51.7342
72.4593
107.993
156.506
215.645
282.641
354.44
427.836
499.613
566.684
626.223
675.775
713.362
737.55
747.504
743.003
724.442
692.797
649.567
596.701
536.503
471.522
404.442
337.967
274.7
217.044
167.106
126.616
96.8684
78.6833
72.3845
77.8033
94.3013
120.811
155.894
197.81
244.6
294.17
344.38
393.131
438.449
478.556
511.933
537.371
554.007
561.342
559.248
547.956
528.034
500.351
466.029
426.394
382.91
337.125
290.602
244.868
201.352
161.342
125.942
96.043
72.3036
55.1363
44.7083
40.95
43.5713
52.0859
65.8408
84.05
105.831
130.242
156.318
183.107
209.7
235.258
259.036
280.399
298.837
313.964
325.526
333.394
337.556
338.109
335.238
329.207
320.339
309
295.582
280.485
264.108
246.834
229.021
210.994
193.04
175.407
158.3
141.886
126.293
111.617
97.9223
85.2505
73.6237
63.0493
53.5249
45.042
37.5891
31.1535
25.7236
21.2886
17.8385
15.3635
13.8525
13.2914
13.6612
14.9363
17.0825
20.0561
23.8021
28.2546
33.3359
38.9578
45.0223
51.4232
58.0487
64.7831
71.5099
78.1146
84.4875
90.5262
96.1385
101.244
105.777
109.686
112.936
115.51
117.405
118.636
119.231
119.233
118.695
117.681
116.263
114.518
112.527
110.374
108.141
105.912
103.765
101.778
100.021
98.5615
97.4621
96.7789
96.5632
96.8606
97.7112
99.1497
101.205
103.9
107.252
111.269
115.954
121.301
127.293
133.904
141.096
148.821
157.016
165.606
174.503
183.608
192.807
201.98
210.995
219.717
228.007
235.727
242.744
248.933
254.182
258.397
261.506
263.459
264.238
263.851
262.342
259.785
256.286
251.981
247.03
241.619
235.946
230.223
224.661
219.468
214.839
210.947
207.936
205.917
204.959
205.085
206.274
208.452
211.504
215.266
219.54
224.092
228.67
233.005
236.827
239.876
241.909
242.716
242.127
240.02
236.328
231.044
224.225
215.986
206.502
196.004
184.766
173.099
161.341
149.842
138.954
129.019
120.353
113.238
107.912
104.561
103.313
104.233
107.326
112.533
119.739
128.774
139.421
151.426
164.5
178.335
192.606
206.985
221.143
234.759
247.527
259.158
269.387
277.979
284.725
289.455
292.036
292.379
290.443
286.239
279.838
271.373
261.045
249.126
235.959
221.958
207.604
193.437
180.042
168.04
158.061
150.728
146.625
146.277
150.116
158.456
171.469
189.163
211.367
237.72
267.673
300.498
335.299
371.048
406.609
440.792
472.393
500.25
523.298
540.623
551.507
555.478
552.338
542.189
525.444
502.817
475.31
444.173
410.859
376.964
344.155
314.093
288.356
268.358
255.273
249.971
252.965
264.37
283.884
310.789
343.97
381.954
422.974
465.041
506.039
543.822
576.321
601.648
618.201
624.746
620.499
605.176
579.03
