#1
424.049
465.977
501.163
528.212
546.025
553.858
551.35
538.549
515.911
484.282
444.866
399.177
348.971
296.176
242.807
190.88
142.329
98.9188
62.1729
33.3103
13.1941
2.29883
0.693484
8.04421
23.6343
46.4016
74.9911
107.82
143.155
179.188
214.128
246.275
274.103
296.324
311.945
320.311
321.128
314.473
300.782
280.827
255.671
226.616
195.134
162.797
131.199
101.882
76.258
55.5491
40.7282
32.4773
31.1591
36.8043
49.1152
67.4848
91.0303
118.639
149.026
180.796
212.51
242.756
270.213
293.71
312.278
325.19
331.985
332.491
326.814
315.337
298.683
277.688
253.353
226.791
199.177
171.691
145.462
121.527
100.779
83.9397
71.5337
63.8722
61.0499
62.9511
69.264
79.5041
93.0433
109.144
126.996
145.754
164.575
182.655
199.257
213.736
225.564
234.34
239.801
241.818
240.4
235.677
227.891
217.376
204.54
189.846
173.788
156.87
139.589
122.416
105.783
90.0668
75.5854
62.588
51.2539
41.6926
33.9458
27.9931
23.758
21.1165
19.9055
19.9329
20.9871
22.8458
25.2854
28.0885
31.0505
33.9858
36.7316
39.1513
41.1362
42.6062
43.5094
43.8206
43.5397
42.6885
41.3082
39.4554
37.1991
34.6173
31.7936
28.8139
25.7642
22.7277
19.7832
17.0032
14.4526
12.1883
10.2579
8.70021
7.54464
6.81168
6.51311
6.65255
7.22592
8.2221
9.62352
11.4068
13.5435
16.0006
18.7412
21.7252
24.91
28.2509
31.7018
35.2162
38.7473
42.2489
45.676
48.9855
52.1367
55.0919
57.8168
60.2812
62.4591
64.3291
65.8747
67.0841
67.9505
68.472
68.6511
68.4947
68.0135
67.2218
66.1369
64.7786
63.1685
61.33
59.287
57.064
54.6853
52.175
49.5559
46.8502
44.0783
41.2596
38.4116
35.5506
32.6915
29.8483
27.034
24.2613
21.5432
18.893
16.3253
13.8563
11.5044
9.29058
7.23867
5.37579
3.73225
2.3415
1.23976
0.465548
0.0588852
0.0603509
0.509943
1.44578
2.9027
4.91079
7.49394
10.6684
14.4416
18.8109
23.7628
29.2723
35.3027
41.8054
48.7203
55.9763
63.4925
71.1787
78.9374
86.6649
94.253
101.591
108.566
115.068
120.989
126.227
130.685
134.278
136.934
138.592
139.213
138.774
137.279
134.756
131.26
126.878
121.727
115.958
109.752
103.318
96.8947
90.7387
85.1239
80.3308
76.6377
74.3102
73.5898
74.6822
77.7458
82.88
90.1165
99.4109
110.638
123.588
137.972
153.423
169.508
185.738
201.588
216.516
229.983
241.48
250.547
256.801
259.958
259.846
256.425
249.792
240.19
227.999
213.731
198.011
181.558
165.158
149.628
135.788
124.421
116.236
111.839
111.698
116.116
125.217
138.928
156.978
178.902
204.051
231.62
260.671
290.168
319.023
346.134
370.435
390.936
406.769
417.226
421.791
420.163
412.275
398.297
378.636
353.921
324.979
292.806
258.523
223.335
188.481
155.179
124.58
97.7148
75.4534
58.464
47.1855
41.8067
42.2583
48.214
59.1053
74.1453
92.3641
112.652
133.811
154.609
173.838
190.372
203.222
211.586
214.892
212.826
205.359
192.751
175.545
154.552
130.814
105.567
80.1809
56.1012
34.7825
17.6186
5.87488
0.624412
2.69112
12.6031
30.5582
56.404
89.633
129.394
174.521
223.573
274.891
326.666
377.013
#2
389.673
468.515
550.48
633.42
715.05
793.029
865.042
928.889
982.567
1024.35
1052.86
1067.13
1066.63
1051.31
1021.61
978.431
923.129
857.45
783.475
703.543
620.161
535.913
453.362
374.954
302.925
239.225
185.44
142.745
111.862
93.0438
86.0743
90.2896
104.616
127.623
157.595
192.607
230.61
269.523
307.315
342.093
372.176
396.156
412.955
421.85
422.501
414.945
399.587
377.165
348.707
315.479
278.92
240.573
202.015
164.788
130.334
99.936
74.6671
55.3542
42.5506
36.522
37.246
44.4231
57.4995
75.6999
98.0672
123.509
150.849
178.874
206.389
232.262
255.466
275.119
290.508
301.111
306.611
306.899
302.066
292.395
278.337
260.492
239.576
216.39
191.789
166.646
141.823
118.137
96.339
77.086
60.9258
48.2825
39.4484
34.5803
33.7008
36.704
43.3642
53.3494
66.2359
81.5261
98.6669
117.069
136.126
155.235
173.81
191.303
207.215
221.11
232.624
241.47
247.447
250.439
250.415
247.425
241.598
233.134
222.291
209.384
194.767
178.823
161.955
144.572
127.078
109.865
93.2952
77.7024
63.3784
50.5699
39.4741
30.2362
22.9491
17.6534
14.3405
12.9548
13.3992
15.5398
19.2122
24.2275
30.3793
37.4498
45.2166
53.4582
61.9599
70.5182
78.9447
87.0701
94.7455
101.845
108.267
113.932
118.785
122.793
125.943
128.243
129.715
130.398
130.341
129.606
128.26
126.376
124.03
121.301
118.266
115.002
111.584
108.08
104.556
101.074
97.689
94.4502
91.402
88.583
86.0261
83.7593
81.8053
80.1822
78.9036
77.9795
77.4158
77.2154
77.3781
77.9009
78.7785
80.0032
81.5651
83.4524
85.6513
88.1458
90.9182
93.9482
97.2135
100.689
104.348
108.159
112.09
116.104
120.162
124.22
128.233
132.153
135.926
139.5
142.818
145.823
148.458
150.666
152.392
153.583
154.191
154.173
153.494
152.126
150.05
147.258
143.755
139.556
134.689
129.196
123.131
116.559
109.557
102.21
94.6135
86.8656
79.0699
71.3304
63.7498
56.4266
49.4531
42.9126
36.8776
31.4082
26.5506
22.3363
18.7815
15.8875
13.6406
12.0136
10.9665
10.4487
10.4002
10.7542
11.4389
12.3801
13.5029
14.7344
16.0056
17.2532
18.4217
19.4647
20.3466
21.0437
21.5448
21.8524
21.9824
21.9645
21.8416
21.6688
21.512
21.4462
21.5528
21.9168
22.6233
23.754
25.3825
27.5705
30.3634
33.7864
37.8405
42.5002
47.7109
53.3884
59.4191
65.6618
71.9511
78.1021
83.9164
89.1897
93.7201
97.3169
99.8102
101.06
100.963
99.4636
96.5556
92.288
86.7662
80.1507
72.6532
64.5304
56.0753
47.6055
39.451
31.9396
25.3823
20.0586
16.2027
13.9909
13.5315
14.8574
17.9218
22.5978
28.6817
35.9002
43.921
52.367
60.8329
68.9045
76.178
82.2809
86.8915
89.7567
90.7072
89.6697
86.6745
81.8585
75.4626
67.8252
59.3693
50.5857
42.0115
34.2062
27.7249
23.0904
20.7661
21.1295
24.4498
30.8679
40.3833
52.8454
67.9531
85.2601
104.189
124.05
144.069
163.419
181.258
196.767
209.189
217.875
222.317
222.183
217.347
207.906
194.195
176.788
156.488
134.307
111.442
89.2298
69.1004
52.5247
40.9532
35.7546
38.153
49.1689
69.5645
99.7972
139.983
189.874
248.842
315.892
#3
22.2026
53.2546
100.522
163.79
242.202
334.266
437.885
550.424
668.79
789.539
909
1023.42
1129.08
1222.48
1300.44
1360.28
1399.85
1417.71
1413.13
1386.17
1337.63
1269.11
1182.84
1081.7
969.045
848.599
724.306
600.178
480.137
367.868
266.677
179.369
108.146
54.5364
19.3442
2.63793
3.76506
21.398
53.6068
97.9561
151.621
211.514
274.426
337.161
396.672
450.185
495.305
530.107
553.2
563.765
561.574
546.973
520.845
484.552
439.856
388.827
333.738
276.958
220.846
167.645
119.39
77.825
44.3431
19.9363
5.17052
0.179353
4.67655
17.9868
39.0919
66.69
99.2636
135.155
172.641
210.012
245.641
278.045
305.944
328.301
344.353
353.624
355.935
351.389
340.354
323.433
301.423
275.278
246.056
214.874
182.859
151.108
120.639
92.3664
67.0661
45.358
27.6922
14.3436
5.41365
0.838353
0.402319
3.75728
10.4444
19.9188
31.5759
44.7775
58.8773
73.2446
87.286
100.463
112.309
122.435
130.545
136.433
139.983
141.171
140.053
136.758
131.479
124.459
115.982
106.354
95.8968
84.9338
73.7788
62.7279
52.0514
41.9883
32.7421
24.4785
17.3246
11.3695
6.6661
3.23424
1.06399
0.119732
0.344428
1.66381
3.99047
7.22752
11.2719
16.0173
21.356
27.1813
33.388
39.8742
46.5412
53.2941
60.0422
66.699
73.1826
79.4161
85.3275
90.8508
95.9265
100.502
104.533
107.983
110.827
113.047
114.636
115.6
115.953
115.72
114.935
113.641
111.888
109.733
107.239
104.47
101.492
98.3749
95.1833
91.9819
88.8314
85.7886
82.9055
80.2289
77.8006
75.657
73.83
72.3468
71.2307
70.5015
70.1761
70.2688
70.7916
71.7539
73.1629
75.0231
77.3352
80.0959
83.2967
86.9229
90.9521
95.3537
100.088
105.103
110.339
115.724
121.175
126.601
131.901
136.969
141.694
145.966
149.673
152.712
154.986
156.413
156.923
156.466
155.013
152.554
149.105
144.704
139.412
133.31
126.5
119.098
111.234
103.046
94.6756
86.2663
77.9564
69.876
62.1436
54.8628
48.1197
41.9815
36.4949
31.6863
27.5622
24.1103
21.3012
19.0907
17.4227
16.2314
15.4451
14.9886
14.786
14.7637
14.852
14.9875
15.1141
15.1842
15.1589
15.0086
14.7122
14.2573
13.6392
12.8603
11.9298
10.8627
9.67954
8.40654
7.07528
5.72305
4.39313
3.13512
2.00524
1.06638
0.387818
0.0444972
0.115665
0.682891
1.82734
3.62635
6.14936
9.45333
13.5778
18.5401
24.3303
30.9073
38.1953
46.0822
54.4189
63.0205
71.6705
80.1254
88.1231
95.3924
101.664
106.683
110.223
112.098
112.177
110.395
106.762
101.37
94.3973
86.1083
76.8486
67.0369
57.1522
47.7177
39.2801
32.3876
27.5651
25.2892
25.9631
29.8934
37.2699
48.1487
62.4407
79.9057
100.153
122.65
146.732
171.631
196.493
220.417
242.489
261.818
277.578
289.048
295.644
296.953
292.761
283.069
268.106
248.328
224.41
197.225
167.822
137.382
107.175
78.5113
52.6868
30.9242
14.3188
3.78508
0.0099128
3.41292
14.1173
31.9321
56.3483
86.5476
121.427
159.636
199.625
239.712
278.147
313.193
343.204
366.704
382.466
389.579
387.502
376.114
355.739
327.152
291.574
250.637
206.331
160.944
116.966
76.9988
43.6455
19.3974
6.522
6.95524
#4
129.752
87.828
58.4251
43.9529
46.3482
66.978
106.563
165.124
241.96
335.647
444.076
564.512
693.686
827.903
963.177
1095.38
1220.37
1334.2
1433.2
1514.18
1574.5
1612.2
1626.06
1615.68
1581.42
1524.45
1446.68
1350.68
1239.57
1116.91
986.554
852.519
718.808
589.281
467.51
356.654
259.355
177.654
112.935
65.8976
36.5545
24.2594
27.7587
45.2666
74.5589
113.081
158.065
206.652
256.015
303.469
346.579
383.25
411.796
430.993
440.114
438.928
427.694
407.127
378.344
342.799
302.207
258.457
213.524
169.378
127.903
90.8124
59.589
35.4254
19.1856
11.3801
12.1564
21.3067
38.2879
62.2566
92.1137
126.558
164.146
203.354
242.641
280.511
315.566
346.56
372.437
392.363
405.751
412.268
411.838
404.629
391.041
371.676
347.305
318.835
287.267
253.654
219.066
184.545
151.076
119.551
90.751
65.3181
43.7485
26.3828
13.4054
4.84907
0.604344
0.43338
3.98711
10.8249
20.4361
32.2616
45.7162
60.2093
75.1645
90.0364
104.326
117.592
129.459
139.626
147.867
154.031
158.041
159.888
159.628
157.37
153.271
147.525
140.352
131.995
122.701
112.725
102.312
91.6976
81.0992
70.7144
60.7168
51.2551
42.4518
34.4034
27.1821
20.8364
15.3942
10.8644
7.24008
4.50121
2.6172
1.54963
1.25465
1.68511
2.79241
4.52803
6.84467
9.69713
13.0428
16.8417
21.0568
25.6534
30.5987
35.8615
41.4109
47.2161
53.2456
59.4661
65.8421
72.3358
78.9059
85.5083
92.0956
98.6174
105.021
111.251
117.253
122.971
128.351
133.34
137.891
141.96
145.511
148.515
150.952
152.811
154.09
154.799
154.956
154.591
153.741
152.452
150.775
148.769
146.491
144.006
141.372
138.649
135.892
133.151
130.468
127.88
125.416
123.098
120.94
118.952
117.136
115.495
114.026
112.726
111.595
110.632
109.842
109.23
108.809
108.592
108.599
108.848
109.362
110.161
111.262
112.681
114.425
116.497
118.889
121.585
124.56
127.777
131.192
134.751
138.394
142.055
145.665
149.152
152.444
155.471
158.169
160.475
162.336
163.702
164.535
164.802
164.477
163.544
161.993
159.819
157.024
153.618
149.612
145.026
139.881
134.206
128.034
121.404
114.361
106.957
99.2491
91.3041
83.1951
75.0033
66.8173
58.7327
50.8516
43.2812
36.1327
29.5196
23.5554
18.3518
14.0155
10.646
8.33226
7.14975
7.15739
8.39443
10.8776
14.5983
19.5207
25.5795
32.6793
40.6939
49.467
58.8134
68.522
78.3593
88.0742
97.4038
106.081
113.84
120.43
125.619
129.205
131.025
130.965
128.967
125.032
119.23
111.702
102.655
92.3661
81.1737
69.4712
57.6956
46.3141
35.8091
26.6603
19.3258
14.2232
11.7097
12.0645
15.4714
22.006
31.6245
44.1578
59.3103
76.6634
95.6854
115.745
136.135
156.09
174.823
191.556
205.547
216.135
222.766
225.028
222.678
215.66
204.128
188.445
169.187
147.129
123.228
98.5876
74.4274
52.0315
32.6997
17.6919
8.17008
5.14238
9.40892
21.5141
41.7069
69.9115
105.71
148.342
196.711
249.418
304.801
360.991
415.982
467.71
514.136
553.342
583.615
603.535
612.054
608.558
592.922
565.538
527.327
479.729
424.667
364.492
301.901
239.849
181.428
#5
268.159
210.249
154.282
103.128
59.6498
26.5788
6.4031
1.2536
12.8018
42.172
89.8716
155.744
238.945
337.951
450.584
574.078
705.16
840.158
975.128
1106
1228.71
1339.39
1434.47
1510.88
1566.09
1598.3
1606.47
1590.36
1550.58
1488.55
1406.43
1307.09
1193.94
1070.85
941.947
811.505
683.736
562.644
451.873
354.561
273.232
209.705
165.04
139.512
132.622
143.143
169.188
208.313
257.639
313.986
374.021
434.406
491.94
543.695
587.13
620.186
641.358
649.737
645.025
627.521
598.083
558.067
509.241
453.69
393.712
331.702
270.046
211.015
156.671
108.788
68.7866
37.6939
16.1165
4.23739
1.83037
8.2921
22.6883
43.812
70.2497
100.453
132.811
165.722
197.657
227.222
253.205
274.613
290.702
300.99
305.261
303.556
296.155
283.554
266.43
245.603
222.001
196.61
170.442
144.49
119.696
96.9185
76.9087
60.2877
47.5346
38.9771
34.7899
34.997
39.4794
47.9874
60.1549
75.5181
93.5345
113.604
135.089
157.336
179.697
201.544
222.288
241.394
258.393
272.887
284.565
293.199
298.649
300.864
299.878
295.806
288.835
279.22
267.274
253.356
237.862
221.213
203.847
186.202
168.71
151.784
135.812
121.143
108.084
96.8926
87.7697
80.859
76.2432
73.9438
73.9217
76.0799
80.2674
86.2834
93.8845
102.791
112.697
123.275
134.189
145.102
155.686
165.629
174.644
182.477
188.913
193.78
196.956
198.366
197.988
195.849
192.027
186.644
179.861
171.876
162.916
153.228
143.076
132.729
122.457
112.52
103.168
94.6277
87.1033
80.7697
75.7705
72.2162
70.1832
69.7145
70.8207
73.4819
77.6511
83.2566
90.2068
98.3933
107.695
117.984
129.124
140.981
153.421
166.314
179.535
192.969
206.507
220.047
233.498
246.774
259.795
272.486
284.776
296.595
307.874
318.541
328.524
337.746
346.129
353.59
360.046
365.41
369.597
372.524
374.112
374.29
372.997
370.185
365.822
359.894
352.408
343.395
332.907
321.023
307.847
293.505
278.146
261.94
245.073
227.742
210.158
192.533
175.079
158.004
141.505
125.765
110.948
97.1966
84.6265
73.3268
63.3575
54.7488
47.5012
41.5869
36.9507
33.5129
31.1715
29.8061
29.2806
29.4478
30.1527
31.2365
32.5411
33.9122
35.2036
36.2807
37.024
37.3323
37.1259
36.3491
34.9726
32.9959
30.4479
27.3884
23.9076
20.1252
16.1887
12.2702
8.56232
5.27261
2.61745
0.814326
0.0735648
0.589358
2.53049
6.03108
11.1818
18.022
26.5328
36.6327
48.1745
60.9453
74.6687
89.0104
103.587
117.975
131.73
144.394
155.521
164.691
171.532
175.736
177.075
175.418
170.745
163.149
152.842
140.155
125.53
109.509
92.7149
75.8334
59.5851
44.6987
31.88
21.7812
14.9711
11.9063
12.9073
18.1378
27.5918
41.0855
58.2588
78.583
101.378
125.835
151.048
176.053
199.862
221.515
240.118
254.889
265.197
270.599
270.863
265.99
256.225
242.05
224.177
203.52
181.164
158.323
136.283
116.356
99.8108
87.8182
81.3919
81.3341
88.1902
102.211
123.33
151.148
184.939
223.665
266.009
310.423
355.182
398.454
438.378
473.146
501.082
520.729
530.919
530.845
520.112
498.78
467.385
426.941
378.924
325.24
#6
266.356
255.426
239.287
218.67
194.533
168.018
140.405
113.059
87.3721
64.7046
46.3346
33.4076
26.8952
27.5634
35.9512
52.3598
76.8532
109.268
149.235
196.201
249.465
308.211
371.543
438.519
508.18
579.579
651.794
723.949
795.214
864.808
931.995
996.075
1056.37
1112.23
1163
1208.03
1246.68
1278.28
1302.23
1317.91
1324.78
1322.37
1310.33
1288.41
1256.56
1214.93
1163.84
1103.89
1035.87
960.824
880.01
794.871
707.009
618.138
530.036
444.486
363.218
287.852
219.836
160.401
110.512
70.8342
41.7109
23.1523
14.8373
16.129
26.102
43.5814
67.1908
95.4079
126.624
159.209
191.569
222.209
249.785
273.149
291.388
303.845
310.138
310.158
304.067
292.27
275.397
254.257
229.804
203.087
175.205
147.26
120.312
95.3408
73.2078
54.632
40.1673
30.1907
24.8973
24.3032
28.2551
36.4465
48.4381
63.6824
81.5508
101.362
122.41
143.99
165.427
186.093
205.427
222.953
238.284
251.131
261.303
268.709
273.347
275.298
274.716
271.812
266.848
260.116
251.928
242.606
232.465
221.812
210.928
200.074
189.478
179.34
169.827
161.081
153.217
146.327
140.49
135.767
132.213
129.878
128.807
129.042
130.625
133.593
137.976
143.797
151.063
159.761
169.856
181.284
193.947
207.712
222.406
237.819
253.702
269.773
285.718
301.203
315.875
329.379
341.362
351.485
359.44
364.95
367.788
367.782
364.82
358.861
349.93
338.128
323.622
306.646
287.497
266.52
244.106
220.675
196.671
172.541
148.732
125.672
103.76
83.3608
64.7895
48.3088
34.1224
22.3723
13.1371
6.43368
2.21888
0.394546
0.812954
3.28385
7.58223
13.4567
20.6381
28.8479
37.8067
47.2414
56.8922
66.5183
75.9026
84.8552
93.2155
100.854
107.671
113.597
118.592
122.638
125.745
127.937
129.258
129.762
129.514
128.584
127.045
124.971
122.436
119.51
116.259
112.746
109.027
105.154
101.174
97.1305
93.0606
88.9995
84.9788
81.0276
77.1727
73.4392
69.8502
66.4278
63.1921
60.1621
57.3548
54.7858
52.4683
50.4136
48.6305
47.1251
45.901
44.9589
44.2964
43.9084
43.7865
43.9197
44.2938
44.8921
45.695
46.6803
47.8234
49.0973
50.4729
51.919
53.4027
54.8893
56.343
57.7273
59.005
60.139
61.0933
61.8333
62.3268
62.5452
62.4645
62.0666
61.3402
60.2827
58.9009
57.2125
55.247
53.0465
50.6665
48.1758
45.6566
43.2037
40.9232
38.931
37.3504
36.3091
35.9358
36.3561
37.6884
40.0385
43.4954
48.1255
53.9681
61.0309
69.2855
78.6648
89.0602
100.321
112.253
124.624
137.165
149.574
161.527
172.683
182.698
191.232
197.966
202.61
204.922
204.714
201.87
196.349
188.198
177.556
164.652
149.807
133.429
115.998
98.0583
80.2003
63.0385
47.1912
33.2555
21.7834
13.2564
8.06382
6.48129
8.65477
14.5882
24.137
37.0074
52.7624
70.8348
90.5453
111.128
131.76
151.594
169.797
185.586
198.263
207.253
212.129
212.641
208.728
200.53
188.388
172.831
154.559
134.415
113.349
92.3766
72.5335
54.8251
40.1795
29.4006
23.1267
21.796
25.6209
34.5722
48.3755
66.5184
88.2711
112.716
138.79
165.331
191.133
215.004
235.823
252.598
264.51
270.96
271.601
#7
269.395
283.096
289.739
288.799
280.129
263.994
241.083
212.503
179.759
144.702
109.474
76.4208
47.9989
26.6715
14.795
14.5049
27.6058
55.4686
98.9426
158.285
233.114
322.385
424.4
536.841
656.833
781.036
905.761
1027.1
1141.1
1243.87
1331.79
1401.66
1450.82
1477.27
1479.81
1458.05
1412.5
1344.51
1256.28
1150.76
1031.53
902.672
768.625
633.984
503.321
381.002
271.006
176.767
101.033
45.7604
12.0384
0.0577145
9.11313
37.6482
83.3363
143.195
213.727
291.084
371.242
450.183
524.071
589.417
643.231
683.136
707.464
715.311
706.555
681.842
642.535
590.626
528.635
459.468
386.281
312.322
240.779
174.636
116.541
68.6947
32.7652
9.82709
0.332824
4.11355
20.4084
47.9205
84.8958
129.22
178.527
230.319
282.082
331.398
376.055
414.133
444.078
464.755
475.48
476.027
466.621
447.902
420.878
386.865
347.413
304.226
259.086
213.768
169.97
129.244
92.9407
62.167
37.7534
20.2384
9.86427
6.58617
10.0925
19.8344
35.0627
54.8704
78.2381
104.08
131.29
158.783
185.534
210.61
233.196
252.619
268.354
280.036
287.458
290.565
289.445
284.313
275.496
263.41
248.542
231.427
212.631
192.726
172.274
151.812
131.839
112.801
95.0839
79.0093
64.8283
52.7216
42.8001
35.1078
29.6265
26.2819
24.9509
25.4693
27.6407
31.2452
36.0479
41.8076
48.285
55.2493
62.4852
69.7979
77.0173
84.0015
90.638
96.8452
102.572
107.794
112.517
116.768
120.595
124.06
127.239
130.215
133.073
135.898
138.768
141.754
144.917
148.301
151.939
155.845
160.017
164.439
169.076
173.882
178.797
183.753
188.673
193.476
198.079
202.401
206.364
209.897
212.939
215.44
217.363
218.687
219.404
219.526
219.079
218.105
216.659
214.813
212.646
210.248
207.711
205.133
202.609
200.231
198.082
196.233
194.744
193.655
192.988
192.744
192.902
193.421
194.234
195.258
196.389
197.507
198.483
199.177
199.45
199.162
198.181
196.391
193.692
190.008
185.29
179.519
172.713
164.919
156.224
146.745
136.629
126.053
115.212
104.319
93.5936
83.2568
73.5229
64.5916
56.6406
49.8191
44.2425
39.9875
37.09
35.5433
35.2991
36.2691
38.3288
41.323
45.0715
49.3762
54.0287
58.8184
63.5391
67.9968
72.0155
75.4417
78.1491
80.0401
81.0475
81.1339
80.2904
78.5346
75.9073
72.4696
68.2995
63.4887
58.1401
52.3655
46.2845
40.0236
33.7161
27.5028
21.5323
15.9617
10.9567
6.69108
3.34513
1.10301
0.148519
0.659569
2.80125
6.71774
12.5233
20.293
30.0532
41.7732
55.3578
70.6419
87.3879
105.285
123.955
142.956
161.797
179.947
196.858
211.981
224.789
234.799
241.594
244.843
244.323
239.934
231.707
219.812
204.562
186.404
165.909
143.755
120.706
97.583
75.2346
54.5041
36.1951
21.0378
9.65701
2.54341
0.0298426
2.27299
9.24213
20.7154
36.2839
55.3643
77.2182
100.98
125.69
150.331
173.873
195.315
213.727
228.294
238.35
243.414
243.213
237.7
227.058
211.701
192.261
169.566
144.605
118.492
92.4191
67.6034
45.2349
26.4212
12.135
3.16559
0.0771319
3.17554
12.4858
27.7413
48.3862
73.591
102.282
133.183
164.868
195.824
224.523
249.493
#8
159.212
172.32
182.34
188.644
190.755
188.38
181.45
170.136
154.865
136.323
115.443
93.3879
71.5157
51.3366
34.4608
22.5383
17.1937
19.957
32.1958
55.0481
89.3619
135.643
194.011
264.172
345.405
436.56
536.075
642.016
752.12
863.864
974.539
1081.34
1181.45
1272.17
1350.95
1415.56
1464.11
1495.18
1507.83
1501.67
1476.88
1434.21
1374.93
1300.86
1214.25
1117.71
1014.16
906.672
798.391
692.425
591.72
498.964
416.488
346.192
289.477
247.207
219.689
206.672
207.376
220.535
244.46
277.122
316.245
359.403
404.128
448.01
488.8
524.496
553.418
574.272
586.187
588.742
581.965
566.317
542.652
512.174
476.36
436.895
395.58
354.256
314.714
278.618
247.437
222.381
204.36
193.949
191.374
196.512
208.91
227.81
252.193
280.833
312.351
345.284
378.142
409.479
437.944
462.341
481.664
495.137
502.236
502.699
496.524
483.965
465.507
441.839
413.819
382.434
348.757
313.905
278.991
245.087
213.188
184.174
158.79
137.626
121.1
109.456
102.764
100.929
103.699
110.686
121.386
135.202
151.468
169.476
188.504
207.832
226.774
244.691
261.012
275.242
286.979
295.915
301.842
304.647
304.317
300.924
294.622
285.636
274.25
260.793
245.629
229.146
211.737
193.795
175.699
157.807
140.446
123.908
108.442
94.2572
81.5133
70.3267
60.7691
52.8702
46.6208
41.9772
38.8653
37.1857
36.8191
37.6307
39.4761
42.2051
45.667
49.7137
54.2037
59.0051
63.9975
69.0743
74.1441
79.1315
83.9774
88.6399
93.093
97.3272
101.348
105.175
108.842
112.394
115.887
119.385
122.961
126.691
130.658
134.942
139.627
144.791
150.508
156.842
163.85
171.575
180.046
189.277
199.262
209.978
221.382
233.412
245.985
259.003
272.348
285.89
299.484
312.981
326.222
339.051
351.31
362.851
373.534
383.233
391.841
399.267
405.443
410.325
413.888
416.134
417.085
416.782
415.285
412.668
409.015
404.42
398.977
392.781
385.923
378.486
370.544
362.154
353.364
344.202
334.686
324.816
314.582
303.962
292.93
281.456
269.51
257.068
244.116
230.65
216.687
202.259
187.422
172.252
156.849
141.336
125.851
110.554
95.6133
81.2075
67.517
54.7193
42.9827
32.4608
23.2861
15.5659
9.37681
4.76223
1.72931
0.24791
0.250618
1.63397
4.26094
7.96464
12.5529
17.814
23.5227
29.447
35.3551
41.0225
46.2387
50.8133
54.5823
57.4124
59.2058
59.9028
59.484
57.9711
55.4269
51.9533
47.6897
42.8086
37.5117
32.0243
26.5891
21.4593
16.8914
13.1372
10.4359
9.00572
9.03638
10.6811
14.0497
19.2028
26.1463
34.8281
45.1362
56.8982
69.8837
83.8079
98.3383
113.103
127.701
141.714
154.722
166.316
176.115
183.778
189.024
191.639
191.49
188.533
182.816
174.484
163.771
150.998
136.56
120.91
104.546
87.988
71.7558
56.3497
42.227
29.7827
19.3317
11.0949
5.18996
1.62611
0.305442
1.02885
3.50757
7.37947
12.2294
17.6125
23.0797
28.2034
32.6024
35.9648
38.0672
38.7891
38.122
36.1715
33.1538
29.3847
25.263
21.2481
17.8335
15.5167
14.7688
16.0026
19.544
25.6063
34.2698
45.4679
58.9805
74.436
91.3214
109.001
126.743
143.753
#9
58.9434
87.2977
120.187
156.54
195.079
234.365
272.858
308.983
341.195
368.057
388.309
400.934
405.218
400.8
387.707
366.372
337.64
302.75
263.302
221.204
178.605
137.814
101.205
71.1157
49.7481
39.0632
40.686
55.8199
85.176
128.921
186.645
257.356
339.496
430.985
529.282
631.479
734.402
834.731
929.131
1014.38
1087.52
1145.93
1187.5
1210.68
1214.55
1198.89
1164.16
1111.52
1042.76
960.238
866.791
765.619
660.155
553.924
450.408
352.898
264.376
187.392
123.969
75.5396
42.8916
26.1587
24.8292
37.7873
63.3774
99.4912
143.672
193.233
245.378
297.329
346.447
390.339
426.956
454.671
472.333
479.299
475.443
461.138
437.22
404.932
365.845
321.778
274.697
226.627
179.549
135.316
95.5688
61.675
34.6755
15.2524
3.7145
0.000541262
3.69991
14.0884
30.1771
50.771
74.5344
100.06
125.936
150.814
173.464
192.83
208.061
218.549
223.934
224.114
219.23
209.65
195.936
178.813
159.118
137.766
115.698
93.8415
73.0691
54.164
37.7921
24.4805
14.6041
8.37922
5.8652
6.97181
11.473
19.0252
29.1884
41.4506
55.2521
70.0101
85.1423
100.088
114.326
127.393
138.89
148.496
155.97
161.153
163.968
164.412
162.556
158.53
152.521
144.758
135.504
125.048
113.69
101.736
89.4906
77.2443
65.2719
53.8253
43.1289
33.3767
24.73
17.316
11.2275
6.52355
3.23044
1.34374
0.830752
1.63351
3.67205
6.84803
11.0484
16.1495
22.0203
28.5264
35.5336
42.9105
50.5318
58.2804
66.0496
73.7443
81.2823
88.595
95.6275
102.338
108.699
114.694
120.318
125.575
130.479
135.051
139.315
143.303
147.044
150.574
153.925
157.128
160.214
163.21
166.139
169.021
171.874
174.71
177.538
180.364
183.193
186.025
188.861
191.698
194.535
197.37
200.202
203.028
205.85
208.667
211.482
214.297
217.116
219.942
222.78
225.631
228.498
231.382
234.28
237.189
240.1
243.002
245.88
248.714
251.478
254.145
256.68
259.047
261.203
263.104
264.702
265.951
266.799
267.2
267.108
266.479
265.275
263.466
261.025
257.936
254.19
249.791
244.748
239.083
232.828
226.023
218.715
210.96
202.819
194.358
185.645
176.749
167.74
158.684
149.647
140.688
131.863
123.219
114.801
106.645
98.7814
91.2358
84.0277
77.1717
70.6788
64.556
58.8077
53.4356
48.4393
43.8161
39.5615
35.6688
32.1288
28.9293
26.0554
23.4885
21.2067
19.1848
17.3946
15.8055
14.3861
13.1051
11.934
10.8482
9.83067
8.8734
7.98051
7.17028
6.47687
5.95157
5.66299
5.69642
6.15192
7.1413
8.78377
11.2005
14.5082
18.8118
24.1965
30.7205
38.4067
47.2366
57.1443
68.0132
79.6738
91.9046
104.436
116.954
129.113
140.544
150.869
159.716
166.735
171.614
174.098
174.001
171.22
165.743
157.661
147.165
134.547
120.195
104.578
88.2375
71.762
55.7698
40.8826
27.7005
16.7758
8.58837
3.52217
1.84568
3.69607
9.06855
17.8114
29.6271
44.0802
60.6108
78.5549
97.1695
115.663
133.226
149.069
162.46
172.753
179.425
182.105
180.594
174.883
165.158
151.808
135.405
116.697
96.5745
76.0398
56.1667
38.0543
22.779
11.3441
4.6309
3.35304
8.01568
18.8825
35.9517
#10
1.24164
5.5341
14.6027
28.5447
47.2162
70.2201
96.9071
126.388
157.561
189.152
219.767
247.955
272.279
291.396
304.132
309.563
307.084
296.473
277.934
252.132
220.197
183.717
144.694
105.489
68.7365
37.2435
13.8678
1.38946
2.37389
19.0359
53.1113
105.742
177.381
267.726
375.679
499.346
636.068
782.492
934.674
1088.21
1238.42
1380.49
1509.7
1621.6
1712.22
1778.22
1817.07
1827.15
1807.84
1759.57
1683.8
1583.01
1460.55
1320.57
1167.82
1007.47
844.899
685.49
534.394
396.337
275.433
175.027
97.5754
44.5619
16.4615
12.7461
31.9337
71.6779
128.892
199.905
280.63
366.758
453.945
537.997
615.049
681.709
735.189
773.401
795.009
799.464
786.981
758.503
715.62
660.473
595.63
523.955
448.469
372.208
298.092
228.804
166.686
113.654
71.1419
40.0635
20.8051
13.2375
16.7529
30.3183
52.5461
81.7738
116.152
153.734
192.564
230.759
266.583
298.51
325.271
345.893
359.715
366.398
365.913
358.526
344.762
325.374
301.291
273.576
243.374
211.861
180.202
149.506
120.79
94.9443
72.7149
54.6813
41.2488
32.6452
28.9238
29.9731
35.5302
45.1992
58.4723
74.7533
93.3819
113.659
134.871
156.314
177.313
197.243
215.545
231.737
245.427
256.316
264.2
268.976
270.629
269.233
264.94
257.969
248.594
237.133
223.934
209.361
193.783
177.564
161.05
144.56
128.384
112.774
97.9392
84.0501
71.2341
59.5789
49.1349
39.9193
31.9203
25.1021
19.4101
14.7758
11.1213
8.36398
6.42019
5.20813
4.65053
4.67639
5.22219
6.23251
7.66015
9.46591
11.618
14.0915
16.867
19.9303
23.2712
26.8826
30.7602
34.9011
39.3043
43.9693
48.8965
54.0864
59.5397
65.2569
71.2378
77.4816
83.9866
90.7492
97.7643
105.024
112.518
120.233
128.152
136.252
144.508
152.888
161.358
169.877
178.4
186.876
195.252
203.469
211.468
219.185
226.557
233.519
240.01
245.967
251.335
256.062
260.102
263.416
265.975
267.759
268.756
268.969
268.407
267.093
265.059
262.346
259.005
255.093
250.67
245.802
240.553
234.987
229.162
223.132
216.94
210.62
204.194
197.672
191.052
184.321
177.455
170.423
163.189
155.715
147.965
139.91
131.531
122.821
113.793
104.479
94.9319
85.2283
75.4659
65.7626
56.2534
47.0861
38.4155
30.398
23.184
16.9115
11.6989
7.63857
4.79137
3.18223
2.79726
3.58246
5.4444
8.25256
11.8437
16.0275
20.5942
25.3226
29.9889
34.3764
38.284
41.5347
43.9828
45.5199
46.0789
45.6366
44.2137
41.8739
38.7201
34.8903
30.5505
25.8888
21.1066
16.4117
12.0096
8.09679
4.85391
2.4399
0.987422
0.599332
1.34629
3.26549
6.36038
10.6013
15.9269
22.2458
29.4397
37.3655
45.8587
54.7366
63.802
72.8469
81.6564
90.0133
97.7023
104.516
110.258
114.752
117.846
119.416
119.376
117.68
114.328
109.372
102.911
95.1017
86.1486
76.3056
65.8688
55.169
44.5613
34.4138
25.0936
16.9522
10.3109
5.44475
2.56921
1.82696
3.27775
6.89108
12.5424
20.0137
28.9979
39.1084
49.8928
60.8502
71.4529
81.17
89.4934
95.9643
100.198
101.91
100.934
97.2405
90.9445
82.3129
71.7594
59.8341
47.2052
34.6331
22.9386
12.9646
5.5349
1.40963
#11
46.3736
32.5162
20.5612
11.2112
5.09577
2.73712
4.51978
10.6637
21.2032
35.9733
54.604
76.5244
100.976
127.035
153.649
179.674
203.928
225.244
242.526
254.816
261.344
261.586
255.306
242.594
223.89
199.987
172.026
141.468
110.054
79.7442
52.6449
30.923
16.7119
12.0115
18.5889
37.882
70.9128
118.213
179.77
254.989
342.684
441.093
547.917
660.389
775.362
889.421
999.01
1100.57
1190.69
1266.23
1324.47
1363.24
1381
1376.93
1350.98
1303.86
1237.06
1152.78
1053.85
943.613
825.821
704.46
583.601
467.237
359.121
262.619
180.577
115.214
68.04
39.8096
30.5039
39.3494
64.8679
104.956
156.989
217.949
284.562
353.446
421.258
484.836
541.331
588.313
623.866
646.648
655.928
651.593
634.124
604.553
564.393
515.547
460.207
400.747
339.603
279.168
221.684
169.151
123.254
85.2995
56.1837
36.3714
25.9012
24.4081
31.163
45.1267
65.0148
89.3692
116.634
145.229
173.624
200.398
224.301
244.291
259.572
269.607
274.127
273.125
266.835
255.71
240.385
221.638
200.349
177.454
153.905
130.627
108.488
88.2595
70.6009
56.0369
44.9475
37.5642
33.9704
34.1099
37.7973
44.7349
54.53
66.7162
80.7737
96.1514
112.287
128.626
144.639
159.838
173.787
186.111
196.507
204.742
210.658
214.173
215.273
214.01
210.496
204.895
197.415
188.297
177.809
166.237
153.873
141.011
127.938
114.925
102.227
90.0719
78.6626
68.1703
58.7348
50.4634
43.431
37.6814
33.2284
30.0586
28.1338
27.394
27.7607
29.1406
31.4288
34.5121
38.2725
42.5899
47.3455
52.4235
57.7139
63.1139
68.5295
73.8766
79.0815
84.0818
88.8261
93.274
97.3957
101.171
104.591
107.652
110.36
112.726
114.769
116.508
117.97
119.181
120.169
120.963
121.592
122.082
122.462
122.753
122.98
123.162
123.315
123.454
123.59
123.734
123.892
124.068
124.266
124.484
124.723
124.98
125.253
125.536
125.825
126.115
126.402
126.68
126.945
127.194
127.424
127.632
127.816
127.977
128.113
128.227
128.318
128.388
128.437
128.466
128.472
128.454
128.407
128.322
128.192
128.001
127.735
127.373
126.892
126.267
125.471
124.472
123.24
121.745
119.958
117.85
115.4
112.589
109.405
105.844
101.909
97.6151
92.9832
88.0463
82.846
77.4329
71.8653
66.2081
60.531
54.9068
49.4093
44.111
39.081
34.383
30.0728
26.1974
22.7927
19.883
17.4798
15.5822
14.1766
13.2376
12.729
12.6054
12.8137
13.2955
13.9892
14.8322
15.7636
16.7263
17.6693
18.5496
19.334
20.0003
20.5386
20.9513
21.2537
21.473
21.6477
21.8263
22.0648
22.4251
22.9718
23.7695
24.8795
26.3569
28.2469
30.5823
33.3804
36.6409
40.3441
44.4498
48.8967
53.6033
58.4689
63.3758
68.1923
72.777
76.9827
80.6619
83.6722
85.8822
87.1774
87.4656
86.6824
84.7955
81.8087
77.7645
72.7455
66.8743
60.3122
53.2564
45.9346
38.6
31.523
24.9828
19.2577
14.615
11.2995
9.52393
9.45765
11.218
14.8619
20.3799
27.6918
36.6449
47.0155
58.5124
70.7844
83.4299
96.0097
108.063
119.122
128.736
136.485
142.002
144.993
145.251
142.675
137.275
129.185
118.662
106.084
91.9406
76.8206
61.391
