#1
612.278
651.487
680.108
697.08
701.789
694.094
674.336
643.32
602.282
552.838
496.909
436.64
374.31
312.229
252.64
197.625
149.016
108.319
76.6514
54.7021
42.7066
40.4457
47.2641
62.1093
83.5887
110.042
139.625
170.402
200.445
227.923
251.197
268.898
279.993
283.839
280.211
269.312
251.768
228.591
201.133
171.018
140.061
110.178
83.2887
61.223
45.6236
37.8633
38.9717
49.5792
69.8784
99.6082
138.058
184.093
236.205
292.572
351.143
409.728
466.099
518.087
563.685
601.138
629.023
646.31
652.414
647.216
631.067
604.771
569.544
526.962
478.879
427.351
374.537
322.607
273.641
229.547
191.977
162.264
141.368
129.847
127.844
135.093
150.94
174.389
204.151
238.712
276.406
315.491
354.223
390.935
424.096
452.375
474.683
490.209
498.434
499.144
492.417
478.607
458.31
432.33
401.633
367.299
330.472
292.312
253.948
216.441
180.744
147.679
117.913
91.9493
70.119
52.5871
39.3602
30.3005
25.1453
23.5278
25.0014
29.0634
35.1789
42.8033
51.4024
60.4703
69.5436
78.2129
86.1306
93.0153
98.6541
102.901
105.673
106.948
106.753
105.163
102.288
98.2684
93.2649
87.4526
81.0136
74.1312
66.9851
59.7469
52.5765
45.6204
39.0091
32.8564
27.2587
22.2951
18.0277
14.5019
11.7476
9.77997
8.60065
8.19881
8.5524
9.62932
11.3886
13.7816
16.7533
20.243
24.186
28.5143
33.1577
38.0449
43.1046
48.2659
53.4599
58.6198
63.6824
68.588
73.2815
77.7128
81.8372
85.6155
89.0145
92.0071
94.572
96.6939
98.3635
99.5765
100.334
100.642
100.511
99.955
98.9912
97.6401
95.9243
93.8684
91.4983
88.8407
85.9229
82.7722
79.4156
75.8798
72.1904
68.3722
64.4489
60.4432
56.3766
52.2699
48.1435
44.0175
39.9126
35.8508
31.856
27.9553
24.1797
20.5657
17.1559
14.0008
11.1589
8.69816
6.69616
5.24009
4.42631
4.3593
5.14984
6.91258
9.7628
13.8125
19.1656
25.9132
34.1272
43.8553
55.1144
67.8858
82.1094
97.6802
114.445
132.202
150.699
169.638
188.678
207.445
225.534
242.529
258.006
271.556
282.794
291.378
297.025
299.521
298.742
294.662
287.358
277.024
263.965
248.601
231.456
213.147
194.374
175.893
158.498
142.993
130.166
120.754
115.422
114.725
119.091
128.788
143.913
164.376
189.894
219.987
253.992
291.073
330.246
370.41
410.378
448.923
484.82
516.893
544.065
565.398
580.142
587.766
587.989
580.802
566.476
545.563
518.881
487.493
452.67
415.848
378.573
342.444
309.049
279.897
256.359
239.607
230.561
229.845
237.757
254.249
278.922
311.035
349.53
393.071
440.09
488.85
537.513
584.209
627.117
664.533
694.94
717.075
729.973
733.012
725.938
708.877
682.326
647.139
604.49
555.824
502.802
447.233
390.997
335.977
283.975
236.645
195.424
161.477
135.652
118.443
109.981
110.021
117.965
132.886
153.569
178.57
206.275
234.978
262.953
288.533
310.185
326.582
336.663
339.682
335.25
323.353
304.359
279.005
248.374
213.844
177.038
139.749
103.863
71.2772
43.8118
23.1265
10.6418
7.46952
14.3553
31.6366
59.2176
96.5627
142.71
196.302
255.636
318.732
383.404
447.359
508.284
563.944
#2
1038.5
1155.87
1265.69
1364.77
1450.13
1519.15
1569.64
1599.95
1609.03
1596.5
1562.67
1508.52
1435.69
1346.42
1243.48
1130.06
1009.64
885.913
762.58
643.257
531.33
429.829
341.317
267.808
210.691
170.699
147.887
141.655
150.783
173.504
207.586
250.44
299.242
351.051
402.945
452.138
496.098
532.644
560.03
577.005
582.846
577.376
560.947
534.403
499.026
456.462
408.627
357.617
305.599
254.715
206.983
164.208
127.912
99.272
79.0832
67.7357
65.2136
71.112
84.6709
104.824
130.258
159.482
190.904
222.901
253.894
282.418
307.176
327.095
341.356
349.421
351.045
346.269
335.41
319.029
297.903
272.978
245.324
216.086
186.431
157.505
130.387
106.048
85.3203
68.875
57.2009
50.5979
49.1751
52.8569
61.3959
74.3903
91.3066
111.505
134.269
158.828
184.395
210.182
235.434
259.447
281.586
301.3
318.135
331.739
341.865
348.374
351.228
350.485
346.291
338.871
328.517
315.571
300.42
283.478
265.174
245.942
226.209
206.387
186.862
167.99
150.087
133.43
118.254
104.744
93.0416
83.2442
75.4048
69.5359
65.6128
63.5771
63.3411
64.7916
67.7953
72.2025
77.8523
84.5764
92.203
100.561
109.483
118.808
128.385
138.072
147.742
157.28
166.587
175.579
184.185
192.351
200.034
207.206
213.852
219.965
225.55
230.619
235.191
239.291
242.947
246.192
249.058
251.579
253.789
255.72
257.402
258.861
260.12
261.201
262.118
262.882
263.501
263.976
264.305
264.483
264.5
264.342
263.994
263.437
262.652
261.618
260.314
258.719
256.814
254.581
252.007
249.078
245.788
242.131
238.11
233.728
228.996
223.929
218.546
212.871
206.933
200.763
194.394
187.865
181.213
174.478
167.7
160.917
154.168
147.487
140.909
134.464
128.18
122.079
116.182
110.505
105.062
99.8599
94.9071
90.2071
85.7615
81.5707
77.6336
73.9489
70.5146
67.3292
64.3912
61.6995
59.2535
57.0523
55.0948
53.3793
51.9021
50.6575
49.6368
48.8273
48.212
47.7686
47.4692
47.2804
47.1629
47.0724
46.9602
46.7742
46.4609
45.9669
45.2412
44.2376
42.9175
41.2522
39.2258
36.8374
34.1029
31.0572
27.7546
24.2697
20.6967
17.1482
13.7533
10.6547
8.00479
5.96128
4.68221
4.32024
5.01677
6.89583
10.0581
14.5751
20.4843
27.7841
36.4309
46.3366
57.3672
69.3439
82.0449
95.209
108.541
121.719
134.401
146.239
156.883
166
173.281
178.454
181.297
181.648
179.415
174.585
167.226
157.495
145.634
131.971
116.912
100.929
84.5525
68.3516
52.9177
38.8436
26.7019
17.0227
10.2711
6.8266
6.96415
10.8381
18.4704
29.7433
44.3969
62.0332
82.1255
104.033
127.022
150.292
173.004
194.313
213.403
229.522
242.014
250.347
254.143
253.196
247.485
237.18
222.64
204.401
183.155
159.727
135.033
110.051
85.7667
63.1365
43.0386
26.2315
13.3161
4.70424
0.595915
0.966117
5.5626
13.9151
25.3561
39.0521
54.0458
69.3047
83.7779
96.455
106.426
112.942
115.463
113.709
107.692
97.7373
84.4921
68.9162
52.2582
36.0149
21.877
11.6613
7.23245
10.4185
22.9217
46.2304
81.5354
129.654
190.966
265.368
352.242
450.45
558.341
673.793
794.266
916.879
#3
191.862
265.727
350.165
442.994
541.663
643.339
745.014
843.619
936.135
1019.71
1091.76
1150.08
1192.89
1218.96
1227.58
1218.62
1192.54
1150.31
1093.44
1023.82
943.755
855.764
762.549
666.868
571.434
478.823
391.381
311.151
239.814
178.64
128.465
89.6848
62.2606
45.7489
39.341
41.9169
52.1086
68.3687
89.044
112.447
136.928
160.936
183.078
202.162
217.237
227.61
232.864
232.848
227.675
217.69
203.446
185.663
165.187
142.945
119.897
96.9969
75.1469
55.1627
37.7425
23.4432
12.6639
5.63679
2.42624
2.93417
6.91254
13.9812
23.6503
35.3462
48.4389
62.2714
76.1874
89.5583
101.808
112.431
121.014
127.245
130.921
131.949
130.351
126.25
119.865
111.495
101.506
90.3133
78.361
66.1059
53.9991
42.469
31.9067
22.6535
14.9907
9.13248
5.22153
3.3278
3.44966
5.51773
9.40091
14.9142
21.8277
29.8771
38.7739
48.2167
57.9009
67.5292
76.82
85.5152
93.3864
100.24
105.92
110.311
113.338
114.966
115.197
114.069
111.652
108.042
103.359
97.7419
91.3416
84.3186
76.8379
69.0647
61.161
53.2821
45.5743
38.1725
31.1982
24.7589
18.9466
13.8382
9.49464
5.96188
3.27108
1.43952
0.471518
0.359462
1.085
2.62022
4.92888
7.96761
11.6871
16.0332
20.948
26.3711
32.2399
38.4911
45.0612
51.8873
58.9074
66.0614
73.2914
80.5419
87.7603
94.8974
101.907
108.747
115.378
121.765
127.877
133.685
139.164
144.293
149.052
153.425
157.4
160.963
164.107
166.822
169.103
170.945
172.346
173.305
173.822
173.902
173.549
172.772
171.582
169.995
168.029
165.709
163.06
160.116
156.912
153.489
149.89
146.165
142.362
138.534
134.735
131.017
127.432
124.032
120.862
117.966
115.382
113.143
111.275
109.798
108.725
108.064
107.815
107.971
108.521
109.45
110.735
112.353
114.277
116.477
118.921
121.578
124.415
127.397
130.491
133.661
136.874
140.092
143.278
146.395
149.403
152.26
154.922
157.345
159.481
161.282
162.698
163.679
164.175
164.137
163.52
162.279
160.378
157.783
154.469
150.421
145.632
140.107
133.863
126.932
119.357
111.2
102.535
93.4511
84.0543
74.4638
64.8125
55.2455
45.9187
36.9962
28.6485
21.0493
14.3722
8.78765
4.45857
1.53673
0.158331
0.43969
2.47297
6.32194
12.0181
19.557
28.8953
39.9482
52.5881
66.6437
81.9006
98.1028
114.956
132.131
149.27
165.994
181.91
196.623
209.74
220.892
229.735
235.969
239.346
239.686
236.88
230.904
221.826
209.806
195.102
178.064
159.133
138.831
117.75
96.5345
75.8653
56.4384
38.9415
24.03
12.3022
4.27456
0.359122
0.84257
5.86916
15.4278
29.3445
47.2805
68.7367
93.0648
119.485
147.111
174.977
202.075
227.39
249.943
268.83
283.262
292.604
296.404
294.422
286.649
273.315
254.89
232.074
205.777
177.086
147.231
117.533
89.3504
64.0269
42.8277
26.8836
17.1365
14.2908
18.774
30.707
49.888
75.7895
107.569
144.097
183.993
225.684
267.461
307.558
344.223
375.803
400.821
418.048
426.568
425.838
415.718
396.503
368.921
334.123
293.644
249.357
203.401
158.099
115.867
79.1106
50.1253
30.9944
23.494
29.0095
48.4654
82.2735
130.301
#4
71.2229
103.418
148.219
205.486
274.545
354.199
442.754
538.071
637.639
738.668
838.193
933.185
1020.68
1097.87
1162.26
1211.73
1244.62
1259.83
1256.83
1235.69
1197.08
1142.23
1072.89
991.245
899.856
801.523
699.2
595.878
494.474
397.728
308.109
227.734
158.303
101.054
56.736
25.6037
7.4278
1.52733
6.81619
21.8638
44.9662
74.2251
107.631
143.145
178.784
212.691
243.206
268.92
288.72
301.82
307.775
306.485
298.18
283.395
262.935
237.827
209.266
178.558
147.057
116.105
86.9771
60.8239
38.6302
21.177
9.01534
2.45082
1.53949
6.09445
15.7028
29.7519
47.4627
67.9295
90.1635
113.138
135.833
157.279
176.594
193.018
205.939
214.913
219.673
220.134
216.383
208.675
197.408
183.101
166.369
147.892
128.383
108.561
89.1201
70.7049
53.8881
39.1529
26.8799
17.3391
10.6861
6.96433
6.11004
7.96179
12.2727
18.725
26.9462
36.5257
47.032
58.0289
69.0906
79.8154
89.8376
98.8367
106.545
112.751
117.305
120.117
121.156
120.445
118.062
114.126
108.798
102.269
94.7547
86.4881
77.7111
68.6685
59.6015
50.7422
42.3084
34.4993
27.4927
21.4421
16.4747
12.6911
10.1639
8.93901
9.03562
10.4479
13.1466
17.0807
22.18
28.3573
35.5108
43.5267
52.2819
61.6461
71.4848
81.6609
92.0376
102.48
112.858
123.046
132.926
142.389
151.335
159.677
167.337
174.251
180.364
185.638
190.045
193.568
196.205
197.962
198.858
198.918
198.179
196.684
194.483
191.63
188.185
184.211
179.775
174.944
169.787
164.375
158.779
153.068
147.314
141.587
135.955
130.487
125.25
120.306
115.719
111.547
107.842
104.655
102.027
99.9938
98.5835
97.8141
97.6947
98.2241
99.3908
101.173
103.54
106.451
109.856
113.702
117.926
122.464
127.251
132.219
137.302
142.44
147.573
152.647
157.615
162.434
167.065
171.478
175.641
179.529
183.117
186.379
189.291
191.826
193.953
195.64
196.853
197.555
197.708
197.274
196.217
194.506
192.114
189.022
185.22
180.71
175.504
169.629
163.125
156.043
148.447
140.413
132.024
123.371
114.548
105.652
96.7788
88.0207
79.4638
71.1866
63.2576
55.7349
48.6644
42.0806
36.0059
30.4519
25.4202
20.9039
16.8892
13.3576
10.2871
7.65509
5.43919
3.61951
2.17975
1.10826
0.398761
0.0505586
0.068409
0.461914
1.2445
2.432
4.04086
6.08601
8.57857
11.5233
14.916
18.7412
22.9696
27.5561
32.4387
37.537
42.7525
47.9693
53.0555
57.8666
62.2489
66.0447
69.0982
71.2625
72.4069
72.425
71.2427
68.8259
65.1877
60.3939
54.5683
47.8939
40.6139
33.0287
25.4907
18.3954
12.1706
7.26239
4.11825
3.16925
4.81034
9.38038
17.1425
28.266
42.8102
60.7117
81.7759
105.673
131.941
159.99
189.12
218.536
247.377
274.743
299.727
321.453
339.115
352.005
359.558
361.374
357.244
347.174
331.385
310.322
284.641
255.19
222.984
189.165
154.96
121.631
90.4235
62.5078
38.9297
20.5592
8.04728
1.79108
1.90984
8.23301
20.3017
37.3843
58.5055
82.4886
108.009
133.659
158.013
179.708
197.509
210.385
217.57
218.614
213.421
202.277
185.846
165.164
141.6
116.809
92.6611
71.1626
54.3632
44.2594
42.6945
51.2631
#5
74.3255
40.9509
16.5038
3.38357
3.675
19.0446
50.6505
99.071
164.255
245.496
341.435
450.091
568.913
694.862
824.514
954.182
1080.05
1198.3
1305.29
1397.65
1472.45
1527.3
1560.43
1570.78
1558.04
1522.63
1465.73
1389.23
1295.61
1187.88
1069.46
944.064
815.509
687.62
564.068
448.241
343.125
251.203
174.381
113.929
70.4608
43.9333
33.6729
38.4294
56.4489
85.5666
123.311
167.019
213.954
261.417
306.863
347.997
382.852
409.865
427.914
436.348
434.989
424.116
404.426
376.985
343.158
304.539
262.862
219.921
177.485
137.221
100.626
68.9668
43.2357
24.1207
11.9897
6.88971
8.56113
16.4644
29.8175
47.643
68.8199
92.1406
116.367
140.287
162.763
182.781
199.483
212.201
220.468
224.035
222.865
217.124
207.166
193.504
176.783
157.746
137.199
115.973
94.8925
74.7394
56.2281
39.9792
26.5016
16.1792
9.26327
5.87068
5.9874
9.47642
16.0899
25.4847
37.2399
50.8761
65.8755
81.7018
97.8191
113.709
128.888
142.918
155.418
166.074
174.642
180.949
184.897
186.458
185.67
182.631
177.492
170.45
161.738
151.616
140.361
128.262
115.61
102.688
89.7691
77.1075
64.9356
53.4598
42.8581
33.2782
24.8366
17.619
11.6808
7.04817
3.72027
1.6713
0.853115
1.1981
2.6221
5.02753
8.30643
12.3435
17.019
22.2117
27.8013
33.6709
39.7089
45.8116
51.8837
57.8407
63.6088
69.1266
74.3447
79.2261
83.746
87.8911
91.6593
95.0584
98.1053
100.825
103.247
105.41
107.353
109.118
110.751
112.294
113.792
115.285
116.814
118.414
120.117
121.952
123.944
126.111
128.47
131.03
133.799
136.776
139.959
143.337
146.898
150.621
154.483
158.453
162.495
166.57
170.633
174.633
178.517
182.229
185.711
188.903
191.747
194.186
196.167
197.639
198.561
198.898
198.622
197.717
196.176
194.002
191.212
187.83
183.893
179.446
174.541
169.24
163.609
157.718
151.637
145.441
139.2
132.984
126.857
120.878
115.102
109.575
104.339
99.424
94.8572
90.6566
86.8341
83.3952
80.3398
77.6626
75.3534
73.3975
71.7762
70.4668
69.4425
68.6725
68.1216
67.7506
67.5155
67.3679
67.255
67.12
66.9026
66.5402
65.9693
65.1269
63.953
62.3931
60.4008
57.9409
54.9923
51.5511
47.6334
43.2773
38.5451
33.524
28.3262
23.0884
17.9691
13.1464
8.81261
5.16977
2.42277
0.772309
0.407095
1.49572
4.1785
8.55964
14.7
22.6107
32.2487
43.5127
56.2422
70.2181
85.1652
100.757
116.625
132.363
147.545
161.733
174.494
185.413
194.109
200.252
203.574
203.885
201.083
195.164
186.226
174.475
160.219
143.87
125.932
106.987
87.683
68.7141
50.7964
34.6457
20.9518
10.3519
3.40517
0.568263
2.17326
8.40896
19.3065
34.7299
54.373
77.7618
104.264
133.106
163.393
194.14
224.305
252.824
278.654
300.814
318.425
330.75
337.231
337.515
331.48
319.247
301.188
277.918
250.28
219.318
186.244
152.39
119.16
87.9711
60.1919
37.0859
19.7502
9.06335
5.63827
9.7863
21.4925
40.4047
65.837
96.7891
131.98
169.895
208.849
247.058
282.714
314.074
339.542
357.753
367.647
368.531
360.137
342.65
316.727
283.488
244.494
201.696
157.368
114.027
#6
59.8325
49.4571
44.1289
44.425
50.7589
63.3707
82.3238
107.507
138.641
175.295
216.894
262.744
312.045
363.917
417.413
471.54
525.28
577.602
627.485
673.93
715.977
752.723
783.339
807.089
823.346
831.615
831.547
822.962
805.859
780.432
747.076
706.39
659.172
606.408
549.249
488.988
427.023
364.815
303.841
245.547
191.29
142.297
99.6078
64.0427
36.1645
16.2571
4.31442
0.0404933
2.86369
11.9623
26.302
44.6821
65.7905
88.2628
110.743
131.946
150.71
166.053
177.206
183.651
185.133
181.667
173.531
161.245
145.536
127.302
107.56
87.3952
67.9035
50.1395
35.0645
23.5017
16.0985
13.2984
15.3238
22.1685
33.6023
49.1856
68.2927
90.1443
113.845
138.425
162.885
186.242
207.567
226.03
240.928
251.713
258.013
259.639
256.593
249.057
237.386
222.084
203.782
183.211
161.165
138.473
115.963
94.4337
74.6221
57.1802
42.6535
31.4651
23.9053
20.1263
20.1428
23.8371
30.969
41.1901
54.0603
69.0673
85.6476
103.208
121.146
138.872
155.825
171.494
185.426
197.242
206.64
213.406
217.411
218.611
217.043
212.821
206.125
197.194
186.312
173.803
160.011
145.296
130.022
114.541
99.1917
84.2881
70.1127
56.912
44.8932
34.2215
25.0193
17.3664
11.3015
6.82472
3.90052
2.46185
2.41437
3.64126
6.00806
9.36766
13.5651
18.4423
23.8422
29.6131
35.6113
41.705
47.776
53.7214
59.4552
64.9085
70.0296
74.7838
79.1519
83.1296
86.7252
89.9582
92.8571
95.4577
97.8006
99.9294
101.889
103.725
105.479
107.192
108.901
110.637
112.429
114.3
116.268
118.346
120.543
122.864
125.311
127.882
130.571
133.37
136.269
139.258
142.321
145.444
148.612
151.809
155.018
158.224
161.413
164.57
167.685
170.748
173.752
176.691
179.565
182.372
185.116
187.801
190.43
193.009
195.544
198.037
200.491
202.903
205.27
207.583
209.831
211.997
214.062
216.003
217.793
219.407
220.815
221.991
222.906
223.536
223.86
223.86
223.522
222.836
221.798
220.408
218.669
216.589
214.177
211.447
208.412
205.086
201.484
197.62
193.508
189.159
184.584
179.793
174.795
169.598
164.212
158.643
152.902
147
140.948
134.761
128.455
122.049
115.563
109.021
102.448
95.8699
89.3165
82.8176
76.4045
70.11
63.9678
58.0126
52.2805
46.8086
41.6355
36.8011
32.3471
28.3162
24.7526
21.7013
19.2074
17.3156
16.0687
15.5062
15.6631
16.5675
18.2388
20.686
23.9048
27.8767
32.5666
37.9222
43.8731
50.3308
57.1898
64.329
71.6142
78.9017
86.0423
92.8865
99.2893
105.116
110.25
114.592
118.074
120.656
122.332
123.13
123.114
122.378
121.046
119.267
117.202
115.022
112.896
110.981
109.411
108.291
107.686
107.618
108.057
108.925
110.096
111.397
112.622
113.541
113.908
113.484
112.048
109.413
105.446
100.077
93.315
85.2521
76.0698
66.0373
55.5059
44.8974
34.689
25.393
17.5335
11.6206
8.12331
7.44314
9.88901
15.6555
24.8057
37.2593
52.7876
71.0158
91.4319
113.404
136.201
159.027
181.049
201.435
219.393
234.208
245.273
252.123
254.459
252.163
245.312
234.174
219.205
201.032
180.431
158.297
135.609
113.398
92.7011
74.5305
