#1
1735.78
1804.5
1851.16
1874.3
1873.14
1847.66
1798.6
1727.45
1636.36
1528.09
1405.91
1273.46
1134.63
993.43
853.81
719.553
594.133
480.594
381.459
298.65
233.441
186.433
157.556
146.097
150.755
169.711
200.721
241.219
288.43
339.484
391.535
441.864
487.986
527.728
559.305
581.365
593.024
593.879
583.992
563.871
534.422
496.895
452.814
403.902
352
298.991
246.717
196.91
151.125
110.69
76.6608
49.794
30.5304
18.994
15.0017
18.0868
27.5308
42.4049
61.6173
83.9649
108.187
133.018
157.241
179.729
199.494
215.715
227.766
235.233
237.922
235.858
229.276
218.603
204.432
187.497
168.633
148.741
128.753
109.587
92.1183
77.1403
65.3396
57.2711
53.3403
53.7929
58.7097
68.009
81.4549
98.67
119.155
142.31
167.458
193.874
220.809
247.519
273.285
297.439
319.383
338.6
354.672
367.281
376.218
381.378
382.762
380.463
374.665
365.627
353.671
339.174
322.547
304.231
284.679
264.345
243.678
223.11
203.046
183.864
165.906
149.475
134.834
122.201
111.753
103.621
97.8945
94.6222
93.8115
95.4324
99.4197
105.675
114.072
124.455
136.648
150.456
165.668
182.062
199.408
217.474
236.029
254.845
273.703
292.393
310.722
328.508
345.592
361.829
377.098
391.295
404.337
416.16
426.721
435.99
443.955
450.621
456.001
460.123
463.025
464.75
465.351
464.887
463.422
461.022
457.758
453.705
448.936
443.529
437.561
431.108
424.247
417.053
409.599
401.954
394.184
386.353
378.517
370.729
363.035
355.477
348.091
340.908
333.955
327.255
320.827
314.689
308.855
303.342
298.164
293.337
288.879
284.807
281.142
277.905
275.116
272.795
270.961
269.629
268.811
268.509
268.722
269.436
270.628
272.264
274.295
276.661
279.288
282.09
284.968
287.814
290.508
292.926
294.94
296.418
297.232
297.258
296.381
294.498
291.518
287.373
282.013
275.41
267.565
258.503
248.278
236.971
224.691
211.573
197.776
183.482
168.891
154.219
139.692
125.541
112.001
99.2991
87.6561
77.2763
68.3445
61.0204
55.4348
51.6853
49.8331
49.9007
51.8704
55.6835
61.2404
68.4022
76.9929
86.8024
97.5911
109.094
121.029
133.1
145.006
156.449
167.139
176.805
185.2
192.108
197.351
200.795
202.352
201.982
199.697
195.562
189.684
182.221
173.366
163.343
152.405
140.816
128.846
116.765
104.828
93.2696
82.2964
72.0829
62.7664
54.4461
47.1832
41.0041
35.9037
31.8517
28.7988
26.6839
25.441
25.0051
25.3175
26.3289
28.0009
30.3049
33.2193
36.725
40.7987
45.406
50.4939
55.9841
61.767
67.6989
73.6009
79.2617
84.4435
88.8921
92.349
94.5678
95.3311
94.4689
91.8765
87.5307
81.5028
73.967
65.204
55.5977
45.6255
35.8418
26.8547
19.2973
13.7946
10.9272
11.1947
14.9797
22.5158
33.8611
48.8794
67.2312
88.3748
111.58
135.954
160.476
184.043
205.531
223.847
238.002
247.169
250.747
248.413
240.171
226.373
207.744
185.371
160.69
135.437
111.599
91.335
76.8903
70.5006
74.288
90.157
119.693
164.072
223.978
299.544
390.307
495.196
612.534
740.075
875.061
1014.31
1154.3
1291.33
1421.6
1541.39
1647.18
#2
1427.01
1600.34
1759.17
1898.35
2013.33
2100.33
2156.5
2180
2170.13
2127.31
2053.06
1949.97
1821.57
1672.19
1506.75
1330.64
1149.43
968.683
793.746
629.543
480.403
349.908
240.781
154.815
92.841
54.7328
39.459
45.1656
69.2923
108.713
159.892
219.058
282.365
346.069
406.673
461.063
506.623
541.313
563.727
573.115
569.375
553.021
525.121
487.219
441.234
389.355
333.924
277.329
221.887
169.749
122.811
82.6493
50.4624
27.043
12.7647
7.58883
11.089
22.4909
40.7248
64.4881
92.3131
122.639
153.884
184.511
213.091
238.357
259.247
274.94
284.87
288.744
286.534
278.465
264.997
246.791
224.672
199.597
172.6
144.76
117.151
90.8052
66.6776
45.6132
28.3228
15.3636
7.12655
3.83047
5.52206
12.082
23.236
38.5706
57.5529
79.5518
103.863
129.734
156.388
183.049
208.966
233.433
255.807
275.525
292.115
305.207
314.538
319.952
321.402
318.947
312.742
303.029
290.132
274.435
256.377
236.433
215.1
192.884
170.286
147.789
125.844
104.867
85.2234
67.2261
51.1301
37.1304
25.3609
15.8963
8.75463
3.9014
1.25501
0.692864
2.05809
5.16658
9.81412
15.7833
22.8499
30.7894
39.3815
48.4155
57.6934
67.0333
76.2714
85.263
93.8839
102.03
109.616
116.578
122.868
128.456
133.325
137.475
140.915
143.668
145.763
147.239
148.142
148.523
148.438
147.945
147.107
145.988
144.65
143.159
141.578
139.968
138.389
136.895
135.538
134.366
133.42
132.734
132.338
132.253
132.494
133.067
133.972
135.201
136.738
138.56
140.639
142.941
145.425
148.048
150.763
153.521
156.273
158.969
161.561
164.002
166.25
168.265
170.012
171.463
172.592
173.383
173.821
173.901
173.621
172.985
172.003
170.689
169.061
167.144
164.964
162.554
159.947
157.184
154.306
151.359
148.392
145.453
142.596
139.871
137.33
135.021
132.989
131.272
129.9
128.893
128.258
127.99
128.066
128.448
129.079
129.889
130.786
131.669
132.421
132.919
133.033
132.635
131.599
129.813
127.176
123.613
119.071
113.528
106.998
99.5297
91.2112
82.1686
72.5662
62.604
52.5143
42.5568
33.0137
24.1823
16.3681
9.87666
5.00538
2.03481
1.22027
2.78348
6.90467
13.7153
23.2913
35.648
50.7347
68.4322
88.5504
110.828
134.935
160.473
186.983
213.952
240.821
266.998
291.868
314.812
335.22
352.511
366.15
375.669
380.685
380.916
376.2
366.508
351.954
332.801
309.468
282.521
252.67
220.752
187.713
154.584
122.448
92.4096
65.554
42.9099
25.4083
13.8437
8.83666
10.802
19.9218
36.1263
59.0836
88.1984
122.622
161.273
202.869
245.963
289
330.37
368.469
401.767
428.871
448.59
459.989
462.443
455.672
439.768
415.207
382.841
343.884
299.868
252.591
204.055
156.384
111.739
72.227
39.8043
16.1896
2.77807
0.568794
10.1055
31.4355
64.0886
107.078
158.924
217.702
281.109
346.556
411.266
472.403
527.186
573.03
607.662
629.248
636.491
628.721
605.951
568.914
519.066
458.554
390.16
317.203
243.426
172.849
109.608
57.7813
21.2121
3.33091
6.99201
34.3267
86.6224
164.233
266.529
391.88
537.688
700.459
875.911
1059.12
1244.71
#3
582.223
726.16
878.071
1033.71
1188.55
1337.93
1477.27
1602.21
1708.78
1793.6
1853.93
1887.88
1894.41
1873.39
1825.6
1752.75
1657.31
1542.52
1412.17
1270.52
1122.06
971.421
823.11
681.396
550.129
432.606
331.463
248.589
185.077
141.215
116.504
109.71
118.95
141.797
175.41
216.676
262.354
309.229
354.246
394.643
428.06
452.626
467.022
470.515
462.962
444.794
416.967
380.893
338.355
291.41
242.276
193.226
146.475
104.082
67.8603
39.2976
19.5038
9.17052
8.55461
17.4809
35.3643
61.2492
93.8639
131.686
173.017
216.061
259.002
300.085
337.682
370.359
396.924
416.467
428.388
432.406
428.559
417.188
398.913
374.596
345.296
312.223
276.684
240.026
203.591
168.659
136.407
107.869
83.9073
65.1857
52.1566
45.0542
43.896
48.4925
58.4627
73.2566
92.1816
114.433
139.125
165.327
192.093
218.499
243.666
266.792
287.172
304.218
317.469
326.606
331.45
331.961
328.238
320.503
309.091
294.433
277.038
257.471
236.335
214.249
191.828
169.663
148.307
128.256
109.94
93.7154
79.8557
68.5509
59.9073
53.9508
50.632
49.8345
51.3837
55.0576
60.5976
67.7205
76.1289
85.5224
95.6066
106.101
116.747
127.313
137.594
147.422
156.657
165.195
172.961
179.907
186.011
191.274
195.714
199.364
202.267
204.477
206.053
207.056
207.553
207.607
207.284
206.646
205.757
204.676
203.46
202.162
200.833
199.519
198.261
197.096
196.052
195.152
194.412
193.838
193.431
193.181
193.071
193.077
193.169
193.311
193.465
193.589
193.643
193.589
193.392
193.025
192.465
191.703
190.736
189.573
188.235
186.752
185.161
183.511
181.852
180.24
178.731
177.375
176.222
175.31
174.667
174.309
174.237
174.438
174.883
175.527
176.315
177.179
178.043
178.827
179.451
179.838
179.919
179.638
178.953
177.842
176.306
174.366
172.068
169.481
166.694
163.816
160.967
158.278
155.885
153.92
152.508
151.758
151.76
152.579
154.248
156.77
160.11
164.201
168.936
174.178
179.762
185.494
191.163
196.546
201.413
205.537
208.699
210.699
211.361
210.539
208.124
204.051
198.297
190.89
181.907
171.479
159.782
147.044
133.539
119.58
105.515
91.7262
78.613
66.5906
56.0776
47.486
41.2104
37.6157
37.0253
39.7084
45.8686
55.6317
69.036
86.0226
106.429
129.985
156.31
184.916
215.212
246.515
278.063
309.032
338.559
365.766
389.787
409.801
425.058
434.917
438.869
436.57
427.863
412.792
391.621
364.836
333.138
297.437
258.826
218.549
177.97
138.52
101.649
68.7691
41.1994
20.1066
6.45238
0.945662
4.00205
15.7145
35.8359
63.7757
98.6112
139.113
183.788
230.929
278.686
325.137
368.369
406.564
438.076
461.514
475.805
480.251
474.569
458.915
433.884
400.497
360.158
314.605
265.831
216.004
167.365
122.132
82.3931
50.011
26.53
13.1
10.4163
18.6784
37.5728
66.2789
103.498
147.508
196.235
247.347
298.363
346.764
390.119
426.202
453.108
469.353
473.961
466.529
447.266
417.007
377.197
329.853
277.488
223.02
169.66
120.772
79.7373
49.8026
33.9327
34.6713
54.0145
93.3039
153.144
233.35
332.924
450.066
#4
30.8493
78.9992
156.925
263.576
396.811
553.464
729.442
919.87
1119.26
1321.71
1521.13
1711.43
1886.8
2041.87
2171.93
2273.1
2342.46
2378.14
2379.39
2346.6
2281.21
2185.73
2063.55
1918.83
1756.34
1581.23
1398.9
1214.71
1033.87
861.19
700.973
556.842
431.652
327.419
245.285
185.52
147.559
130.069
131.043
147.919
177.711
217.157
262.863
311.451
359.693
404.639
443.719
474.828
496.385
507.371
507.333
496.374
475.113
444.627
406.377
362.126
313.84
263.593
213.47
165.474
121.443
82.9774
51.3824
27.6241
12.3042
5.65052
7.52332
17.4377
34.5984
57.9466
86.2144
117.986
151.763
186.025
219.296
250.2
277.51
300.193
317.441
328.693
333.647
332.261
324.741
311.527
293.262
270.759
244.965
216.916
187.698
158.399
130.07
103.687
80.117
60.0913
44.1822
32.7899
26.135
24.2581
27.0266
34.1472
45.1845
59.5832
76.6944
95.8034
116.159
137.002
157.594
177.24
195.312
211.27
224.67
235.177
242.569
246.739
247.686
245.511
240.406
232.638
222.539
210.482
196.871
182.124
166.655
150.865
135.126
119.776
105.109
91.3724
78.7626
67.4268
57.4637
48.9268
41.8289
36.1471
31.8294
28.7998
26.965
26.2199
26.4529
27.5502
29.4002
31.8962
34.939
38.4388
42.3156
46.5005
50.9351
55.5714
60.3713
65.3053
70.3521
75.4971
80.7316
86.0519
91.4577
96.9519
102.539
108.225
114.015
119.916
125.93
132.06
138.305
144.662
151.122
157.675
164.306
170.993
177.715
184.443
191.146
197.79
204.339
210.756
217.002
223.04
228.835
234.351
239.559
244.432
248.947
253.089
256.847
260.214
263.192
265.787
268.01
269.878
271.412
272.638
273.582
274.277
274.753
275.043
275.181
275.199
275.126
274.993
274.824
274.643
274.468
274.316
274.197
274.117
274.08
274.082
274.119
274.178
274.248
274.31
274.346
274.332
274.247
274.065
273.763
273.314
272.696
271.884
270.856
269.592
268.073
266.279
264.194
261.802
259.087
256.034
252.628
248.856
244.701
240.149
235.184
229.792
223.96
217.673
210.921
203.695
195.99
187.807
179.15
170.033
160.477
150.513
140.183
129.543
118.661
107.624
96.5324
85.5074
74.6884
64.2347
54.3251
45.1579
36.9489
29.9298
24.3447
20.4455
18.4867
18.7187
21.3798
26.687
34.827
45.9454
60.1363
77.432
97.7936
121.102
147.153
175.649
206.202
238.33
271.467
304.966
338.116
370.155
400.29
427.72
451.66
471.366
486.168
495.489
498.876
496.024
486.793
471.225
449.555
422.215
389.83
353.208
313.326
271.302
228.366
185.821
145.004
107.237
73.7804
45.7867
24.2501
9.96506
3.48745
5.10334
14.8067
32.2875
56.9306
87.8281
123.802
163.443
205.155
247.214
287.837
325.251
357.768
383.867
402.259
411.958
412.34
403.182
384.695
357.535
322.798
281.986
236.97
189.92
143.224
99.3932
60.9587
30.3572
9.81944
1.26104
6.18157
25.5776
59.8737
108.875
171.747
247.017
332.613
425.919
523.869
623.054
719.853
810.583
891.652
959.713
1011.82
1045.58
1059.26
1051.88
1023.34
974.392
906.672
822.674
725.669
619.6
508.946
398.56
293.484
198.749
119.179
59.1845
22.5819
12.4215
#5
209.682
162.307
132.523
122.995
135.673
171.699
231.339
313.95
417.99
541.051
679.939
830.78
989.158
1150.27
1309.11
1460.65
1600.03
1722.72
1824.76
1902.81
1954.36
1977.79
1972.43
1938.56
1877.44
1791.23
1682.86
1555.98
1414.77
1263.76
1107.69
951.265
799.045
655.22
523.474
406.861
307.704
227.527
167.03
126.097
103.836
98.6549
108.365
130.306
161.491
198.752
238.899
278.865
315.842
347.399
371.577
386.954
392.686
388.512
374.739
352.186
322.119
286.158
246.172
204.169
162.182
122.161
85.8712
54.8092
30.1374
12.6375
2.68694
0.258252
4.93975
15.9755
32.3214
52.7144
75.7487
99.9567
123.889
146.187
165.653
181.299
192.39
198.466
199.355
195.162
186.249
173.206
156.805
137.951
117.632
96.8637
76.6377
57.8757
41.3893
27.8476
17.7552
11.4389
9.04438
10.5415
15.7377
24.2982
35.77
49.6108
65.2181
81.9591
99.1991
116.327
132.776
148.046
161.71
173.428
182.95
190.115
194.847
197.149
197.094
194.817
190.496
184.35
176.619
167.561
157.435
146.5
135.003
123.175
111.23
99.3615
87.7384
76.5092
65.801
55.7205
46.3566
37.782
30.0553
23.2226
17.32
12.3743
8.40487
5.42402
3.43793
2.44692
2.44559
3.42282
5.36165
8.23913
12.0262
16.6875
22.1817
28.4611
35.4727
43.1579
51.4536
60.2929
69.6058
79.3204
89.364
99.6639
110.149
120.749
131.4
142.039
152.609
163.059
173.344
183.424
193.267
202.847
212.142
221.14
229.83
238.21
246.28
254.045
261.511
268.689
275.591
282.229
288.616
294.765
300.688
306.394
311.894
317.192
322.295
327.204
331.918
336.435
340.751
344.86
348.753
352.422
355.86
359.057
362.006
364.702
367.141
369.322
371.246
372.918
374.348
375.546
376.529
377.315
377.926
378.384
378.715
378.944
379.098
379.2
379.274
379.34
379.415
379.51
379.632
379.783
379.958
380.147
380.334
380.496
380.604
380.627
380.528
380.266
379.799
379.084
378.079
376.74
375.029
372.91
370.349
367.322
363.805
359.785
355.25
350.198
344.629
338.549
331.968
324.899
317.353
309.345
300.887
291.989
282.659
272.899
262.71
252.087
241.023
229.509
217.538
205.104
192.209
178.862
165.089
150.932
136.457
121.755
106.95
92.197
77.6908
63.6622
50.3803
38.1502
27.3095
18.223
11.2746
6.85813
5.36544
7.17288
12.6264
22.0252
35.6054
53.5228
75.837
102.496
133.326
168.019
206.127
247.063
290.104
334.4
378.989
422.816
464.766
503.688
538.437
567.912
591.098
607.108
615.224
614.939
605.984
588.361
562.356
528.553
487.825
441.324
390.449
336.813
282.189
228.448
177.499
131.206
91.3219
59.4084
36.7672
24.3772
22.8422
32.3524
52.6618
83.0837
122.505
169.42
221.98
278.067
335.37
391.485
444.014
490.669
529.377
558.374
576.291
582.226
575.791
557.145
527
486.598
437.67
382.372
323.194
262.861
204.213
150.082
103.167
65.9081
40.3771
28.1734
30.3456
47.3329
78.9331
124.299
181.961
249.881
325.531
405.991
488.073
568.453
643.817
711.002
767.143
809.801
837.082
847.732
841.206
817.711
778.217
724.432
658.754
584.184
504.218
422.712
343.732
271.391
