#1
6357.93
6866.82
7290.24
7613.42
7824.82
7916.67
7885.3
7731.32
7459.63
7079.21
6602.84
6046.51
5428.82
4770.24
4092.29
3416.67
2764.42
2155.12
1606.14
1132.04
744.039
449.681
252.655
152.771
146.101
225.275
379.911
597.152
862.293
1159.46
1472.32
1784.74
2081.51
2348.86
2575.03
2750.61
2868.88
2925.92
2920.66
2854.8
2732.58
2560.51
2346.97
2101.77
1835.7
1559.97
1285.79
1023.87
783.973
574.61
402.692
273.341
189.752
153.148
162.812
216.204
309.134
436.007
590.096
763.863
949.282
1138.18
1322.56
1494.9
1648.42
1777.33
1876.98
1944.01
1976.45
1973.66
1936.37
1866.6
1767.46
1643.07
1498.33
1338.73
1170.09
998.386
829.509
669.058
522.159
393.311
286.255
203.878
148.153
120.114
119.862
146.603
198.716
273.844
369.003
480.706
605.098
738.093
875.508
1013.2
1147.18
1273.72
1389.48
1491.53
1577.44
1645.32
1693.86
1722.28
1730.36
1718.41
1687.21
1638
1572.36
1492.21
1399.7
1297.17
1187.05
1071.84
954.006
835.933
719.892
607.982
502.093
403.881
314.74
235.793
167.879
111.558
67.108
34.5452
13.6333
3.90684
4.69538
15.1504
34.2751
60.9555
93.9924
132.133
174.104
218.638
264.505
310.537
355.652
398.869
439.329
476.306
509.209
537.596
561.163
579.749
593.325
601.982
605.923
605.443
600.919
592.786
581.527
567.651
551.68
534.132
515.511
496.293
476.923
457.799
439.28
421.673
405.24
390.196
376.713
364.925
354.928
346.789
340.547
336.217
333.794
333.256
334.562
337.655
342.461
348.888
356.825
366.142
376.683
388.275
400.72
413.797
427.268
440.877
454.356
467.427
479.813
491.242
501.452
510.203
517.279
522.498
525.715
526.83
525.785
522.573
517.23
509.84
500.527
489.452
476.806
462.806
447.684
431.681
415.039
397.994
380.77
363.574
346.591
329.98
313.875
298.382
283.581
269.527
256.251
243.767
232.066
221.13
210.923
201.404
192.52
184.21
176.409
169.042
162.032
155.293
148.733
142.26
135.774
129.178
122.377
115.284
107.823
99.937
91.5935
82.7907
73.5645
63.994
54.2065
44.381
34.7506
25.6018
17.2722
10.1455
4.64403
1.21841
0.335047
2.46134
8.04911
17.5167
31.2304
49.4855
72.4878
100.337
133.012
170.357
212.074
257.717
306.691
358.256
411.535
465.533
519.148
571.204
620.471
665.706
705.683
739.233
765.286
782.906
791.336
790.029
778.684
757.272
726.06
685.62
636.837
580.901
519.292
453.754
386.254
318.934
254.052
193.912
140.793
96.8608
64.0909
44.1825
38.4794
47.8973
72.8613
113.257
168.401
237.026
317.294
406.829
502.779
601.894
700.636
795.301
882.163
957.628
1018.39
1061.59
1084.98
1087.02
1067.02
1025.24
962.874
882.114
786.079
678.736
564.774
449.428
338.269
236.967
151.031
85.5426
44.8878
32.5123
50.7021
100.408
181.126
290.837
426.024
581.755
751.856
929.138
1105.71
1273.31
1423.74
1549.26
1643.01
1699.42
1714.59
1686.58
1615.64
1504.37
1357.75
1183.01
989.508
788.36
592.053
413.935
267.645
166.493
122.826
147.399
248.795
432.912
702.549
1057.11
1492.46
2000.9
2571.38
3189.75
3839.26
4501.12
5155.24
5780.97
#2
5601.66
6369.24
7091.74
7745.91
8310.32
8766.18
9098.1
9294.75
9349.28
9259.65
9028.72
8664.1
8177.93
7586.29
6908.68
6167.13
5385.4
4588.04
3799.4
3042.77
2339.48
1708.11
1163.93
718.364
378.68
147.891
24.7813
4.13466
77.1115
231.762
453.649
726.545
1033.18
1355.98
1677.84
1982.74
2256.4
2486.74
2664.3
2782.43
2837.49
2828.75
2758.32
2630.88
2453.35
2234.45
1984.27
1713.75
1434.2
1156.79
892.107
649.773
438.075
263.723
131.661
44.9643
4.81914
10.5778
59.8805
148.837
272.255
423.905
596.806
783.523
976.459
1168.14
1351.48
1519.99
1668
1790.81
1884.77
1947.38
1977.33
1974.43
1939.62
1874.84
1782.97
1667.65
1533.13
1384.16
1225.77
1063.13
901.396
745.526
600.168
469.524
357.249
266.36
199.179
157.283
141.492
151.864
187.724
247.7
329.785
431.409
549.524
680.705
821.245
967.268
1114.83
1260.04
1399.13
1528.59
1645.22
1746.21
1829.23
1892.42
1934.48
1954.66
1952.75
1929.08
1884.51
1820.37
1738.39
1640.71
1529.72
1408.08
1278.58
1144.08
1007.47
871.562
739.031
612.369
493.825
385.364
288.637
204.953
135.267
80.178
39.9333
14.4403
3.28891
5.7787
20.9517
47.6295
84.4534
129.926
182.454
240.391
302.077
365.875
430.213
493.606
554.692
612.25
665.216
712.701
753.995
788.572
816.085
836.365
849.409
855.367
854.524
847.289
834.168
815.75
792.682
765.65
735.36
702.521
667.824
631.932
595.465
558.99
523.016
487.984
454.268
422.175
391.943
363.748
337.706
313.879
292.283
272.893
255.651
240.472
227.254
215.877
206.216
198.139
191.515
186.215
182.113
179.092
177.038
175.846
175.419
175.667
176.507
177.865
179.673
181.873
184.413
187.251
190.355
193.702
197.28
201.087
205.133
209.44
214.04
218.976
224.3
230.073
236.363
243.241
250.782
259.058
268.139
278.088
288.955
300.777
313.57
327.327
342.016
357.57
373.889
390.831
408.215
425.816
443.361
460.536
476.982
492.305
506.075
517.838
527.129
533.479
536.435
535.574
530.525
520.987
506.748
487.708
463.898
435.495
402.837
366.434
326.969
285.302
242.459
199.619
158.092
119.286
84.6767
55.7632
34.0189
20.8428
17.5051
25.0948
44.4676
76.199
120.542
177.396
246.281
326.326
416.274
514.492
619.003
727.526
837.535
946.321
1051.07
1148.96
1237.22
1313.26
1374.73
1419.62
1446.34
1453.77
1441.36
1409.11
1357.63
1288.14
1202.44
1102.88
992.304
873.991
751.535
628.76
509.6
397.974
297.66
212.163
144.594
97.5551
73.0307
72.3045
95.8906
143.49
213.97
305.379
414.977
539.31
674.3
815.372
957.594
1095.85
1225.01
1340.13
1436.65
1510.56
1558.59
1578.38
1568.6
1529.05
1460.71
1365.79
1247.66
1110.79
960.621
803.387
645.893
495.262
358.655
242.969
154.529
98.7903
80.0592
101.245
163.663
266.89
408.695
585.042
790.17
1016.76
1256.19
1498.84
1734.47
1952.68
2143.37
2297.19
2406.07
2463.64
2465.61
2410.13
2298.04
2132.93
1921.23
1672.04
1396.91
1109.48
824.978
559.657
330.136
152.694
42.5469
13.1291
75.4233
237.364
503.345
873.866
1345.32
1909.96
2556.05
3268.12
4027.55
4813.08
#3
5890.23
6629.52
7320.99
7941.67
8470.42
8888.86
9182.14
9339.5
9354.8
9226.78
8959.1
8560.25
8043.2
7424.85
6725.42
5967.6
5175.64
4374.43
3588.51
2841.12
2153.37
1543.45
1026.02
611.725
306.94
113.643
29.5039
48.1405
159.533
350.574
605.727
907.759
1238.52
1579.72
1913.69
2224.07
2496.46
2718.86
2882.12
2980.13
3009.98
2971.88
2869.05
2707.41
2495.2
2242.57
1961.01
1662.87
1360.77
1067.06
793.358
550.09
346.107
188.408
81.9298
29.439
31.5119
86.6009
191.181
339.966
526.177
741.864
978.243
1226.06
1475.93
1718.72
1945.83
2149.48
2322.96
2460.82
2559.01
2614.94
2627.51
2597.13
2525.57
2415.9
2272.34
2100.02
1904.86
1693.27
1471.99
1247.84
1027.52
817.395
623.326
450.519
303.394
185.483
99.3678
46.6421
27.9036
42.7777
89.9657
167.318
271.924
400.225
548.134
711.162
884.56
1063.45
1242.95
1418.33
1585.08
1739.05
1876.55
1994.39
2089.97
2161.29
2207.03
2226.5
2219.66
2187.12
2130.04
2050.14
1949.64
1831.14
1697.59
1552.22
1398.4
1239.65
1079.44
921.236
768.319
623.783
490.444
370.792
266.945
180.611
113.066
65.1316
37.1741
29.1079
40.4093
70.1415
116.987
179.287
255.091
342.209
438.268
540.773
647.168
754.897
861.466
964.497
1061.78
1151.32
1231.38
1300.51
1357.56
1401.71
1432.46
1449.64
1453.41
1444.18
1422.67
1389.79
1346.68
1294.6
1234.95
1169.17
1098.75
1025.13
949.74
873.89
798.795
725.534
655.036
588.077
525.268
467.066
413.774
365.557
322.454
284.397
251.229
222.722
198.596
178.538
162.216
149.297
139.453
132.375
127.774
125.39
124.99
126.37
129.349
133.77
139.495
146.397
154.362
163.281
173.049
183.561
194.711
206.393
218.498
230.918
243.545
256.274
269.003
281.637
294.089
306.28
318.14
329.611
340.641
351.191
361.227
370.723
379.655
388.004
395.75
402.87
409.336
415.116
420.166
424.435
427.858
430.359
431.85
432.231
431.39
429.208
425.56
420.318
413.355
404.553
393.809
381.039
366.19
349.242
330.225
309.216
286.356
261.851
235.978
209.088
181.609
154.042
126.96
100.996
76.8401
55.2199
36.889
22.6074
13.1214
9.14178
11.3208
20.2291
36.3329
59.9722
91.3413
130.471
177.216
231.243
292.028
358.853
430.812
506.822
585.635
665.861
745.992
824.435
899.542
969.65
1033.12
1088.39
1133.98
1168.6
1191.14
1200.72
1196.74
1178.91
1147.25
1102.16
1044.38
975.017
895.539
807.749
713.759
615.948
516.91
419.395
326.234
240.26
164.223
100.697
51.9882
20.0469
6.3791
11.9699
37.2184
81.888
145.076
225.204
320.035
426.716
541.845
661.568
781.701
897.87
1005.68
1100.87
1179.52
1238.22
1274.24
1285.7
1271.68
1232.32
1168.91
1083.85
980.649
863.837
738.792
611.57
488.661
376.718
282.26
211.355
169.312
160.389
187.521
252.108
353.856
490.693
658.76
852.501
1064.83
1287.39
1510.89
1725.52
1921.38
2089.01
2219.86
2306.78
2344.48
2329.92
2262.59
2144.72
1981.34
1780.25
1551.79
1308.54
1064.85
836.277
638.948
488.83
400.99
388.86
463.527
633.109
902.235
1271.65
1738
2293.76
2927.38
3623.58
4363.83
5127.03
#4
5974.36
6760.72
7496.37
8157.33
8721.56
9169.87
9486.7
9660.81
9685.74
9560.14
9287.83
8877.68
8343.25
7702.28
6975.95
6188.07
5364.12
4530.24
3712.19
2934.41
2219.07
1585.27
1048.38
619.563
305.468
108.11
24.9764
49.2918
170.464
374.67
645.553
965.005
1313.98
1673.33
2024.6
2350.74
2636.77
2870.29
3041.88
3145.32
3177.71
3139.41
3033.88
2867.32
2648.34
2387.39
2096.3
1787.63
1474.19
1168.41
881.894
624.944
406.218
232.446
108.255
36.0856
16.2052
46.8045
124.178
242.965
396.447
576.879
775.841
984.595
1194.44
1397.02
1584.63
1750.5
1888.9
1995.41
2066.92
2101.71
2099.43
2061.05
1988.74
1885.74
1756.22
1605.04
1437.61
1259.66
1077.05
895.558
720.742
557.744
411.169
284.971
182.366
105.77
56.7668
36.0988
43.6825
78.6476
139.394
223.665
328.638
451.023
587.166
733.164
884.976
1038.53
1189.85
1335.1
1470.76
1593.63
1700.93
1790.37
1860.13
1908.97
1936.15
1941.52
1925.41
1888.66
1832.55
1758.77
1669.34
1566.56
1452.93
1331.07
1203.69
1073.47
943.031
814.854
691.248
574.29
465.796
367.293
280.004
204.838
142.389
92.9501
56.5266
32.8577
21.4453
21.5841
32.3954
52.8616
81.861
118.202
160.654
207.977
258.95
312.389
367.171
422.243
476.639
529.484
580
627.508
671.426
711.27
746.648
777.257
802.876
823.364
838.654
848.746
853.705
853.657
848.781
839.308
825.516
807.726
786.297
761.618
734.108
704.206
672.362
639.037
604.688
569.767
534.707
499.921
465.793
432.67
400.861
370.631
342.202
315.748
291.398
269.239
249.318
231.646
216.205
202.952
191.826
182.754
175.659
170.462
167.087
165.469
165.549
167.282
170.634
175.581
182.104
190.193
199.837
211.02
223.721
237.903
253.514
270.483
288.714
308.084
328.448
349.629
371.427
393.619
415.959
438.185
460.02
481.179
501.375
520.319
537.732
553.342
566.895
578.154
586.907
592.964
596.167
596.384
593.516
587.498
578.296
565.912
550.385
531.788
510.235
485.877
458.907
429.561
398.119
364.908
330.302
294.724
258.645
222.587
187.116
152.841
120.41
90.4994
63.8061
41.0358
22.888
10.0396
3.12635
2.72303
9.32191
23.3113
44.954
74.3673
111.505
156.14
207.857
266.043
329.886
398.381
470.34
544.412
619.109
692.833
763.916
830.663
891.395
944.499
988.481
1022.01
1043.97
1053.49
1050.02
1033.31
1003.47
960.973
906.664
841.742
767.753
686.555
600.281
511.288
422.097
335.332
253.639
179.616
115.73
64.2388
27.112
5.96073
1.97009
15.8437
47.759
97.3366
163.626
245.107
339.711
444.864
557.542
674.35
791.621
905.526
1012.2
1107.86
1189
1252.44
1295.56
1316.36
1313.6
1286.91
1236.8
1164.76
1073.2
965.473
845.737
718.874
590.323
465.889
351.523
253.078
176.055
125.338
104.944
117.791
165.496
248.217
364.554
511.505
684.507
877.533
1083.29
1293.45
1499.02
1690.67
1859.2
1995.98
2093.4
2145.32
2147.47
2097.82
1996.81
1847.57
1655.92
1430.33
1181.72
923.109
669.197
435.788
239.151
95.3151
19.3323
24.5406
121.865
319.187
620.82
1027.12
1534.24
2134.1
2814.46
3559.3
4349.23
5162.22
#5
5889.44
6749.28
7568.44
8320.2
8979.46
9523.76
9934.24
10196.4
10300.9
10243.7
10026.3
9656.12
9145.5
8511.75
7776.21
6963.42
6100.11
5214.14
4333.37
3484.6
2692.51
1978.8
1361.38
853.807
464.926
198.659
54.0638
25.5722
103.418
274.224
521.712
827.516
1172.03
1535.3
1897.83
2241.41
2549.78
2809.19
3008.89
3141.34
3202.41
3191.33
3110.53
2965.38
2763.76
2515.63
2232.46
1926.67
1611.06
1298.28
1000.26
727.796
490.169
294.826
147.191
50.5484
6.0298
12.6786
67.5982
166.166
302.302
468.775
657.537
860.07
1067.72
1272.04
1465.06
1639.59
1789.41
1909.44
1995.91
2046.39
2059.8
2036.43
1977.84
1886.75
1766.92
1622.94
1460.11
1284.16
1101.12
917.074
737.968
569.443
416.659
284.156
175.73
94.3441
42.0663
20.0309
28.4352
66.5596
132.816
224.819
339.478
473.106
621.543
780.293
944.655
1109.87
1271.27
1424.37
1565.05
1689.6
1794.86
1878.29
1937.98
1972.73
1982.07
1966.19
1925.97
1862.91
1779.07
1676.98
1559.56
1430.04
1291.81
1148.38
1003.23
859.718
721.026
590.046
469.33
361.036
266.885
188.148
125.626
79.6657
50.1751
36.6537
38.2345
53.7319
81.6962
120.471
168.254
223.153
283.243
346.621
411.452
476.008
538.705
598.13
653.06
702.479
745.578
781.762
810.644
832.032
845.922
852.474
852.004
844.954
831.875
813.409
790.261
763.18
732.943
700.327
666.101
631.002
595.722
560.899
527.102
494.827
464.49
436.423
410.876
388.016
367.938
350.661
336.149
324.309
315.008
308.084
303.352
300.619
299.688
300.37
302.486
305.872
310.379
315.874
322.239
329.362
337.139
345.464
354.227
363.308
372.574
381.876
391.05
399.918
408.29
415.974
422.774
428.508
433.009
436.138
437.791
437.905
436.468
433.517
429.147
423.503
416.781
409.22
401.093
392.699
384.349
376.352
369.005
362.575
357.294
353.339
350.829
349.82
350.295
352.166
355.279
359.412
364.286
369.573
374.906
379.894
384.13
387.211
388.746
388.371
385.763
380.65
372.821
362.136
348.532
332.028
312.733
290.843
266.644
240.515
212.916
184.394
155.569
127.129
99.8186
74.4286
51.7797
32.707
18.0421
8.59269
5.12152
8.32376
18.8039
37.0528
63.4246
98.1162
141.148
192.346
251.333
317.519
390.095
468.043
550.142
634.982
720.991
806.464
889.596
968.525
1041.38
1106.33
1161.64
1205.71
1237.15
1254.83
1257.9
1245.86
1218.61
1176.42
1120
1050.48
969.424
878.771
780.84
678.264
573.932
470.917
372.399
281.563
201.51
135.15
85.0987
53.5795
42.3264
52.4999
84.6152
138.487
213.197
307.08
417.74
542.095
676.442
816.555
957.815
1095.35
1224.21
1339.53
1436.77
1511.85
1561.37
1582.77
1574.51
1536.16
1468.47
1373.46
1254.37
1115.57
962.489
801.422
639.287
483.372
341.03
219.349
124.821
63.0088
38.2398
53.3339
109.388
205.628
339.34
505.892
698.848
910.184
1130.59
1349.86
1557.35
1742.48
1895.3
2007.02
2070.52
2080.87
2035.72
1935.56
1783.97
1587.6
1356.1
1101.83
839.488
585.507
357.433
173.143
50.0321
4.16292
49.4433
196.854
453.776
823.448
1304.6
1891.26
2572.77
3334.04
4155.98
5016.12
#6
5426.48
6239.17
7018.29
7738.99
8377.73
8913.3
9327.62
9606.53
9740.38
9724.43
9559.07
9249.78
8806.96
8245.45
7583.98
6844.35
6050.58
5227.91
4401.84
3597.12
2836.76
2141.25
1527.8
1009.77
596.298
292.103
97.473
8.454
17.2103
112.532
280.465
505.04
769.041
1054.81
1345
1623.35
1875.25
2088.36
2252.94
2362.2
2412.35
2402.65
2335.24
2214.89
2048.6
1845.2
1614.84
1368.46
1117.25
872.137
643.351
439.971
269.609
138.148
49.5818
5.93845
7.29297
51.8634
136.177
255.299
403.104
572.581
756.161
946.034
1134.47
1314.12
1478.25
1620.97
1737.46
1823.99
1878.1
1898.56
1885.39
1839.76
1763.92
1661.08
1535.22
1390.94
1233.31
1067.64
899.323
733.663
575.717
430.151
301.115
192.142
106.071
44.9912
10.2106
2.24737
20.8431
64.9967
133.016
222.587
330.853
454.51
589.907
733.155
880.233
1027.1
1169.8
1304.58
1427.96
1536.81
1628.49
1700.82
1752.18
1781.54
1788.45
1773.05
1736.04
1678.69
1602.73
1510.32
1403.99
1286.55
1161
1030.45
898.026
766.79
639.649
519.283
408.082
308.088
220.949
147.898
89.7268
46.7928
19.0263
5.95575
6.74371
20.2317
44.9933
79.3924
121.645
169.883
222.214
276.78
331.813
385.678
436.916
484.27
526.709
563.438
593.902
617.782
634.976
645.589
649.899
648.339
641.458
629.896
614.351
595.55
574.224
551.082
526.797
501.982
477.19
452.896
429.502
407.335
386.647
367.626
350.398
335.039
321.584
310.031
300.354
292.51
286.444
282.092
279.39
278.273
278.675
280.533
283.781
288.355
294.184
301.193
309.299
318.409
328.418
339.21
350.657
362.619
374.945
387.477
400.052
412.502
424.665
436.382
447.505
457.899
467.45
476.062
483.664
490.211
495.685
500.095
503.477
505.892
507.424
508.176
508.267
507.828
506.997
505.916
504.723
503.552
502.525
501.75
501.318
501.3
501.743
502.669
504.072
505.922
508.156
510.683
513.384
516.108
518.678
520.888
522.508
523.285
522.947
521.21
517.781
512.368
504.689
494.482
481.518
465.612
446.639
424.549
399.378
371.264
340.46
307.341
272.41
236.306
199.796
163.77
129.228
97.2616
69.028
45.7195
28.5277
18.6034
17.0129
24.6937
42.4093
70.706
109.874
159.914
220.51
291.014
370.439
457.464
550.455
647.488
746.399
844.834
940.313
1030.3
1112.29
1183.88
1242.85
1287.25
1315.5
1326.39
1319.22
1293.77
1250.4
1190.01
1114.06
1024.52
923.899
815.096
701.387
586.319
473.601
367.002
270.224
186.787
119.903
72.3601
46.4129
43.6879
65.1018
110.801
180.124
271.589
382.909
511.033
652.222
802.144
956.004
1108.69
1254.94
1389.55
1507.5
1604.23
1675.79
1719
1731.64
1712.56
1661.77
1580.53
1471.32
1337.81
1184.79
1018.01
844.027
669.929
503.11
350.963
220.575
118.416
50.0321
19.7653
30.5083
83.5065
178.222
312.267
481.419
679.712
899.622
1132.32
1368.01
1596.34
1806.83
1989.38
2134.73
2235
2284.1
2278.15
2215.81
2098.49
1930.47
1718.9
1473.63
1206.97
933.246
668.308
428.886
231.901
93.723
29.4056
51.9473
171.604
395.288
726.095
1162.97
1700.53
2329.1
3034.94
3800.58
4605.42
#7
5836.19
6486.27
7072.73
7575.31
7976.17
8260.63
8417.86
8441.34
8329.24
8084.52
7714.86
7232.39
6653.27
5997.01
5285.68
4543.12
3793.86
3062.24
2371.41
1742.4
1193.37
738.909
389.543
151.396
26.0723
10.7153
98.2595
277.855
535.44
854.435
1216.52
1602.45
1992.91
2369.31
2714.53
3013.59
3254.17
3427
3526.13
3549.04
3496.55
3372.63
3184.12
2940.27
2652.24
2332.52
1994.39
1651.28
1316.2
1001.26
717.206
473.014
275.66
129.925
38.3155
1.09554
16.3926
80.3925
187.598
331.138
503.115
694.967
897.835
1102.92
1301.81
1486.76
1650.98
1788.77
1895.72
1968.75
2006.16
2007.62
1974.07
1907.63
1811.46
1689.59
1546.7
1387.99
1218.91
1045.03
871.795
704.421
547.7
405.893
282.632
180.842
102.696
49.5907
22.1511
20.2515
43.0602
89.0998
156.321
242.188
343.771
457.841
580.973
709.642
840.314
969.541
1094.04
1210.76
1316.96
1410.23
1488.59
1550.44
1594.64
1620.5
1627.76
1616.59
1587.58
1541.69
1480.22
1404.76
1317.18
1219.52
1114
1002.94
888.692
773.626
660.054
550.195
446.131
349.768
262.804
186.699
122.654
71.5918
34.1479
10.663
1.18513
5.47586
23.0224
53.0555
94.5716
146.36
207.036
275.069
348.828
426.612
506.695
587.36
666.942
743.86
816.652
884.002
944.77
998.006
1042.97
1079.13
1106.17
1124.01
1132.75
1132.68
1124.27
1108.15
1085.04
1055.78
1021.27
982.446
940.245
895.597
849.392
802.463
755.566
709.377
664.476
621.349
580.39
541.897
506.087
473.099
443.005
415.82
391.512
370.013
351.225
335.032
321.3
309.888
300.645
293.416
288.042
284.358
282.194
281.377
281.727
283.06
285.188
287.924
291.08
294.475
297.936
301.305
304.443
307.231
309.58
311.427
312.744
313.533
313.828
313.692
313.217
312.517
311.722
310.975
310.424
310.216
310.491
311.376
312.98
315.389
318.664
322.837
327.909
333.852
340.605
348.079
356.155
364.685
373.497
382.394
391.156
399.543
407.296
414.14
419.79
423.948
426.315
426.595
424.502
419.767
412.156
401.475
387.587
370.425
350.009
326.455
299.992
270.969
239.866
207.29
173.981
140.799
108.711
78.772
52.0992
29.8371
13.1223
3.04145
0.586913
6.61225
21.7879
46.5602
81.1151
125.349
178.85
240.884
310.402
386.048
466.19
548.955
632.283
713.983
791.802
863.504
926.937
980.12
1021.31
1049.09
1062.4
1060.61
1043.55
1011.53
965.348
906.293
836.092
756.885
671.16
581.685
491.418
403.424
320.768
246.421
183.156
133.452
99.404
82.6442
84.2718
104.802
144.133
201.524
275.607
364.406
465.384
575.511
691.349
809.152
924.986
1034.86
1134.86
1221.28
1290.81
1340.6
1368.43
1372.84
1353.15
1309.6
1243.31
1156.37
1051.71
933.09
804.994
672.459
540.919
416.005
303.32
208.208
135.518
89.3656
72.9225
88.225
136.022
215.67
325.084
460.746
617.784
790.118
970.667
1151.62
1324.77
1481.87
1615.01
1717.07
1782.07
1805.57
1784.98
1719.85
1611.99
1465.64
1287.35
1085.93
872.153
658.388
458.173
285.649
154.959
79.5993
71.7665
141.718
297.186
542.879
880.08
1306.39
1815.62
2397.84
3039.6
3724.35
4432.92
5144.25
#8
4874.49
5602.22
6297.3
6937.23
7500.89
7969.33
8326.62
8560.43
8662.59
8629.42
8461.88
8165.56
7750.43
7230.44
6622.98
5948.16
5228
4485.56
3744.06
3025.96
2352.13
1741.1
1208.37
765.994
422.133
180.947
42.5649
3.24254
55.6814
189.473
391.659
647.368
940.509
1254.48
1572.86
1880.08
2161.99
2406.37
2603.32
2745.54
2828.46
2850.29
2811.91
2716.71
2570.25
2379.95
2154.63
1904.11
1638.71
1368.81
1104.43
854.851
628.261
431.527
269.983
147.317
65.5256
24.9434
24.3273
61.002
131.049
229.529
350.729
488.42
636.117
787.328
935.791
1075.68
1201.78
1309.66
1395.73
1457.37
1492.95
1501.78
1484.18
1441.32
1375.2
1288.51
1184.54
1067.02
940.007
807.724
674.439
544.327
421.352
309.156
210.963
129.505
66.9545
24.8873
4.25488
5.3791
27.963
71.1183
133.408
212.9
307.239
413.714
529.346
650.975
775.344
899.188
1019.32
1132.72
1236.58
1328.4
1406.04
1467.74
1512.19
1538.51
1546.29
1535.6
1506.92
1461.18
1399.7
1324.13
1236.42
1138.76
1033.55
923.274
810.484
697.728
587.481
482.095
383.737
294.349
215.601
148.863
95.1762
55.2381
29.3951
17.644
19.6419
34.7258
61.938
100.06
147.651
203.094
264.64
330.46
398.695
467.508
535.125
599.888
660.29
715.007
762.93
803.183
835.134
858.399
872.842
878.56
875.866
865.268
847.436
823.176
793.388
759.039
721.122
680.627
638.507
595.66
552.899
510.94
470.395
431.76
395.419
361.65
330.631
302.453
277.132
254.628
234.853
217.695
203.023
190.7
180.595
172.584
166.556
162.414
160.072
159.453
160.482
163.088
167.189
172.695
179.503
187.492
196.525
206.448
217.091
228.278
239.823
251.541
263.254
274.795
286.011
296.775
306.983
316.558
325.452
333.647
341.148
347.987
354.213
359.892
365.099
369.915
374.422
378.695
382.805
386.807
390.745
394.645
398.516
402.348
406.111
409.756
413.217
416.405
419.214
421.52
423.18
424.032
423.901
422.597
419.919
415.659
409.611
401.572
391.358
378.81
363.807
346.277
326.216
303.696
278.88
252.034
223.534
193.877
163.676
133.664
104.682
77.6673
53.6343
33.6481
18.795
10.1473
8.72423
15.4507
31.115
56.3276
91.4813
136.717
191.896
256.576
330.003
411.107
498.515
590.569
685.362
780.78
874.557
964.339
1047.75
1122.47
1186.31
1237.28
1273.69
1294.18
1297.8
1284.05
1252.93
1204.95
1141.13
1063
972.574
872.302
765.009
653.829
542.119
433.361
331.064
238.652
159.362
96.1302
51.4955
27.5016
25.6162
46.6618
90.7646
157.323
244.995
351.714
474.721
610.631
755.507
904.978
1054.35
1198.78
1333.38
1453.45
1554.59
1632.91
1685.18
1708.96
1702.76
1666.11
1599.66
1505.18
1385.58
1244.85
1087.94
920.634
749.386
581.066
422.726
281.32
163.419
74.9194
20.764
4.68658
28.9917
94.3822
199.846
342.611
518.172
720.403
941.738
1173.44
1405.92
1629.15
1833.07
2008.06
2145.44
2237.86
2279.79
2267.85
2201.12
2081.28
1912.78
1702.72
1460.75
1198.73
930.375
670.719
435.517
240.588
101.116
30.946
41.9011
143.165
340.746
637.068
1030.69
1516.19
2084.22
2721.74
3412.39
4137.04
