#1
168.23
140.976
116.346
94.8291
76.7751
62.3956
51.7622
44.8136
41.3665
41.1314
43.7307
48.7193
55.6063
63.8769
73.0135
82.5149
91.9136
100.79
108.782
115.596
121.008
124.867
127.089
127.658
126.618
124.059
120.118
114.96
108.775
101.763
94.1296
86.0781
77.8005
69.4748
61.2606
53.297
45.7014
38.5693
31.9751
25.9736
20.6019
15.8812
11.8188
8.4107
5.64272
3.4924
1.93007
0.919793
0.41997
0.383812
0.75966
1.49129
2.51829
3.77658
5.19921
6.71729
8.2614
9.7631
11.1568
12.3818
13.3842
14.1193
14.5534
14.6653
14.4481
13.9095
13.0727
11.9755
10.6698
9.21971
7.69942
6.19041
4.77818
3.54876
2.58503
1.96296
1.74813
1.99247
2.73164
3.98287
5.74362
7.99106
10.6824
13.756
17.1333
20.7217
24.4177
28.1111
31.6885
35.0384
38.0547
40.6414
42.716
44.2125
45.0842
45.3049
44.8705
43.7982
42.1264
39.9124
37.2309
34.1703
30.8298
27.3156
23.7371
20.203
16.8176
13.6776
10.8691
8.46524
6.52413
5.08803
4.1826
3.81712
3.98509
4.66554
5.82466
7.41779
9.39172
11.6871
14.2406
16.9878
19.8646
22.8099
25.7667
28.6839
31.5168
34.2281
36.788
39.1742
41.3716
43.372
45.1728
46.7768
48.1907
49.4248
50.4911
51.4033
52.1755
52.8216
53.3545
53.7859
54.1258
54.3824
54.5617
54.6679
54.7034
54.6689
54.5637
54.3862
54.1341
53.805
53.3962
52.9061
52.3335
51.6784
50.9425
50.1287
49.2418
48.2881
47.2758
46.2146
45.1153
43.9901
42.852
41.7143
40.5908
39.4946
38.4389
37.4357
36.4959
35.6292
34.844
34.1469
33.5431
33.0362
32.6281
32.3197
32.1104
31.9984
31.9813
32.0556
32.2174
32.4619
32.7843
33.1788
33.6397
34.1605
34.7345
35.3542
36.0117
36.6984
37.4052
38.1222
38.839
39.5447
40.228
40.8774
41.4816
42.0296
42.511
42.9166
43.2385
43.4706
43.609
43.6523
43.602
43.4624
43.2414
42.9502
42.6034
42.2189
41.8178
41.4245
41.0655
40.7697
40.5675
40.4903
40.5695
40.836
41.319
42.0453
43.0384
44.3173
45.8957
47.7808
49.9728
52.4637
55.2369
58.2663
61.5163
64.941
68.485
72.0831
75.6611
79.1371
82.4222
85.4229
88.0427
90.1848
91.7549
92.6643
92.8332
92.1943
90.6962
88.3069
85.0171
80.8425
75.8266
70.042
63.5905
56.6033
49.2393
41.6817
34.1349
26.8189
19.9629
13.7982
8.55056
4.43141
1.62953
0.302623
0.569632
2.50388
6.1276
11.4081
18.2556
26.5239
36.0124
46.4706
57.6056
69.0906
80.5753
91.6985
102.1
111.436
119.388
125.68
130.088
132.448
132.665
130.717
126.657
120.614
112.788
103.443
92.9012
81.5276
69.7218
57.902
46.491
35.9016
26.5224
18.7042
12.7486
8.89677
7.32223
8.12409
11.3238
16.8637
24.6087
34.3496
45.8087
58.6481
72.479
86.8731
101.375
115.515
128.825
140.852
151.172
159.406
165.233
168.403
168.747
166.19
160.752
152.561
141.846
128.939
114.271
98.3579
81.7931
65.2263
49.346
34.8561
22.4522
12.7949
6.48425
4.0344
5.85018
12.2067
23.2329
38.9003
59.0169
83.228
111.023
141.748
174.626
208.784
243.277
277.127
309.355
339.018
365.241
387.256
404.422
416.255
422.444
422.858
417.555
406.773
390.921
370.557
346.373
319.158
289.77
259.104
228.058
197.497
#2
97.2496
77.2949
59.3245
43.7024
30.6946
20.4629
13.0637
8.45041
6.48068
6.92662
9.48831
13.8095
19.4947
26.1277
33.2887
40.5719
47.6005
54.0402
59.6098
64.0886
67.3212
69.2186
69.757
68.9732
66.9583
63.8488
59.8173
55.0615
49.7938
44.2301
38.581
33.0422
27.7881
22.9655
18.6905
15.0462
12.0823
9.81653
8.237
7.306
6.96429
7.136
7.73369
8.66336
9.8291
11.1373
12.5003
13.8391
15.0854
16.1833
17.0894
17.7734
18.2169
18.4132
18.3655
18.0859
17.5934
16.9129
16.0738
15.1082
14.0504
12.9354
11.7985
10.6745
9.59696
8.59801
7.70776
6.95398
6.36165
5.95264
5.74523
5.75375
5.98811
6.45344
7.14976
8.07165
9.20814
10.5426
12.053
13.7118
15.487
17.3419
19.2369
21.1294
22.9755
24.7309
26.3523
27.798
29.0301
30.0147
30.7235
31.1343
31.2321
31.0096
30.4671
29.6129
28.4634
27.042
25.3791
23.511
21.4791
19.3286
17.1072
14.864
12.648
10.5071
8.48634
6.62741
4.96721
3.53721
2.36287
1.46316
0.850421
0.530369
0.502309
0.759545
1.28994
2.07659
3.09864
4.33209
5.75069
7.32681
9.0322
10.8388
12.7195
14.6483
16.6013
18.5566
20.4946
22.3981
24.2524
26.0448
27.7648
29.4036
30.954
32.4101
33.7669
35.02
36.1656
37.2003
38.1207
38.9235
39.6055
40.1636
40.5949
40.8967
41.0668
41.1034
41.0056
40.7734
40.4079
39.9112
39.2871
38.5406
37.6783
36.7084
35.6405
34.4857
33.2563
31.9659
30.6289
29.2605
27.8762
26.4916
25.1221
23.7826
22.4873
21.2492
20.0801
18.9902
17.9884
17.082
16.2768
15.5775
14.9874
14.5094
14.1457
13.8985
13.7704
13.7645
13.8849
14.1366
14.526
15.0604
15.7481
16.5979
17.6184
18.8176
20.2021
21.7759
23.5398
25.4903
27.6188
29.9108
32.3452
34.8943
37.5233
40.1909
42.8493
45.4458
47.9236
50.2233
52.285
54.0501
55.4636
56.4765
57.0475
57.1459
56.753
55.8635
54.4874
52.6501
50.3929
47.7724
44.8599
41.7397
38.5068
35.2647
32.1221
29.1897
26.5768
24.3871
22.7159
21.646
21.2449
21.5621
22.627
24.4471
27.0074
30.2701
34.1756
38.6433
43.5739
48.8518
54.3485
59.9259
65.4399
70.7449
75.6972
80.1595
84.0044
87.1178
89.4023
90.78
91.1943
90.6123
89.0256
86.4511
82.931
78.5324
73.3463
67.486
61.0846
54.2926
47.2743
40.2044
33.2634
26.6331
20.4918
15.0093
10.3415
6.62539
3.97444
2.47414
2.17828
3.10603
5.23994
8.52514
12.8696
18.1459
24.1941
30.8257
37.8296
44.978
52.0342
58.7599
64.924
70.3107
74.727
78.0109
80.037
80.7223
80.0297
77.9703
74.6036
70.0366
64.4204
57.9453
50.8349
43.338
35.7202
28.2546
21.2119
14.8506
9.40768
5.08954
2.06451
0.456199
0.338544
1.73252
4.60474
8.8679
14.3832
20.9646
28.3847
36.3825
44.6718
52.9516
60.9164
68.2675
74.7241
80.0337
83.983
86.4063
87.1938
86.2972
83.7344
79.5912
74.021
67.2424
59.5339
51.2264
42.6938
34.3412
26.5918
19.8718
14.5957
11.1502
9.87859
11.0664
14.928
21.5955
31.1098
43.4151
58.3564
75.6802
95.0401
116.005
138.069
160.673
183.212
205.067
225.614
244.258
260.444
273.682
283.568
289.792
292.157
290.583
285.111
275.903
263.236
247.491
229.141
208.728
186.852
164.139
141.227
118.736
#3
144.2
122.872
102.677
84.0419
67.3179
52.7714
40.5807
30.8354
23.5399
18.6193
15.9287
15.2635
16.3723
18.9693
22.7484
27.3954
32.6007
38.0695
43.5312
48.7465
53.5126
57.6663
61.0852
63.6872
65.4283
66.2994
66.3215
65.5412
64.025
61.8543
59.1201
55.9183
52.3457
48.4969
44.4617
40.3231
36.1565
32.0294
28.0013
24.1241
20.4433
16.9985
13.8241
10.9505
8.4038
6.2067
4.37791
2.93192
1.8783
1.22093
0.957048
1.07637
1.56031
2.38142
3.50318
4.88011
6.45842
8.17709
9.96939
11.765
13.4921
15.0806
16.4645
17.5848
18.3926
18.8512
18.9387
18.6491
17.9935
17.0001
15.7139
14.1949
12.5162
10.7611
9.01943
7.38395
5.94585
4.79061
3.99378
3.61716
3.70543
4.28355
5.35497
6.90084
8.88017
11.2311
13.8733
16.7109
19.6365
22.536
25.2933
27.7956
29.9385
31.6303
32.797
33.385
33.364
32.7285
31.4979
29.7162
27.4496
24.7841
21.8216
18.6758
15.467
12.3173
9.34572
6.66294
4.36745
2.54161
1.24882
0.531476
0.410005
0.882739
1.92681
3.49988
5.54258
7.98164
10.7333
13.7071
16.8097
19.9486
23.0356
25.9898
28.7401
31.2274
33.4058
35.2434
36.7223
37.8383
38.5996
39.0259
39.1464
38.9978
38.6225
38.0665
37.3772
36.6017
35.7852
34.9696
34.1922
33.4852
32.8747
32.3809
32.0178
31.7937
31.7111
31.7678
31.9569
32.2682
32.6885
33.2022
33.7925
34.4416
35.1314
35.8442
36.563
37.2717
37.956
38.6029
39.2011
39.7415
40.2166
40.621
40.9511
41.2053
41.3833
41.4868
41.5185
41.4827
41.3846
41.2301
41.026
40.7791
40.4969
40.1866
39.855
39.5089
39.1543
38.7965
38.44
38.0886
37.745
37.4109
37.0875
36.7747
36.472
36.1782
35.8916
35.61
35.3311
35.0523
34.7711
34.485
34.1915
33.8882
33.5728
33.2431
32.8968
32.5317
32.1454
31.7351
31.2982
30.8316
30.3323
29.7971
29.2231
28.608
27.9502
27.2494
26.5071
25.7272
24.9165
24.0853
23.248
22.4237
21.6363
20.9151
20.2945
19.8142
19.5183
19.4548
19.6748
20.2304
21.1739
22.5552
24.4196
26.8061
29.7441
33.2514
37.332
41.9732
47.1449
52.7973
58.8605
65.2446
71.8401
78.5195
85.1395
91.5444
97.5697
103.047
107.81
111.698
114.566
116.284
116.75
115.891
113.67
110.087
105.182
99.04
91.7855
83.5837
74.6363
65.1761
55.4611
45.7663
36.375
27.5694
19.6205
12.7783
7.26213
3.25169
0.879665
0.225473
1.31096
4.09817
8.48931
14.3291
21.4091
29.4747
38.2338
47.3665
56.5374
65.4075
73.647
80.9476
87.0348
91.6778
94.6991
95.9813
95.4719
93.1856
89.2039
83.6723
76.795
68.8277
60.0677
50.8433
41.5019
32.3969
23.8753
16.2651
9.86363
4.92679
1.66041
0.212789
0.669627
3.05093
7.31018
13.3357
20.954
29.9354
40.0009
50.8313
62.0769
73.3688
84.3303
94.5894
103.791
111.609
117.756
121.997
124.157
124.127
121.872
117.437
110.943
102.59
92.6545
81.479
69.4674
57.0718
44.7795
33.0978
22.5368
13.5922
6.72657
2.35223
0.814054
2.37464
7.20165
15.3582
26.7968
41.3572
58.7682
78.6543
100.546
123.892
148.082
172.462
196.356
219.094
240.033
258.58
274.21
286.489
295.086
299.785
300.492
297.232
290.155
279.519
265.687
249.105
230.287
209.797
188.225
166.166
#4
151.479
128.154
106.293
86.375
68.7832
53.7994
41.5975
32.2435
25.7
21.8341
20.4285
21.1952
23.7916
27.8373
32.9309
38.6676
44.6549
50.5266
55.9555
60.663
64.426
67.0818
68.5293
68.7281
67.6953
65.5
62.256
58.1138
53.2512
47.8638
42.1557
36.33
30.5808
25.0862
20.0017
15.456
11.5478
8.34408
5.88008
4.16013
3.16005
2.83034
3.10017
3.88189
5.07584
6.57523
8.27098
10.0561
11.8299
13.5011
14.991
16.2352
17.1852
17.8087
18.0901
18.0291
17.6402
16.9505
15.9982
14.8302
13.5
12.0653
10.5856
9.12048
7.72732
6.45979
5.36635
4.48905
3.86258
3.5136
3.46024
3.71191
4.2692
5.12403
6.2599
7.6524
9.26974
11.0735
13.0194
15.0586
17.1384
19.2039
21.1993
23.0691
24.7601
26.2226
27.4121
28.2908
28.8287
29.0054
28.8099
28.2423
27.3135
26.045
24.4685
22.6255
20.5652
18.3437
16.0216
13.6627
11.3311
9.08978
6.99825
5.11064
3.47415
2.12766
1.10076
0.4131
0.0741905
0.0835476
0.431221
1.09864
2.05971
3.28216
4.72894
6.35977
8.13261
10.0052
11.936
13.8861
15.8192
17.7032
19.5099
21.2162
22.8034
24.2573
25.5684
26.731
27.7428
28.6049
29.3207
29.8957
30.3368
30.6521
30.8505
30.9408
30.9324
30.8341
30.6547
30.4023
30.0847
29.7091
29.2821
28.8098
28.2977
27.7511
27.1745
26.5725
25.9489
25.3076
24.6522
23.986
23.3123
22.6342
21.9549
21.2775
20.6048
19.94
19.286
18.6455
18.0215
17.4166
16.8335
16.2745
15.7418
15.2376
14.7636
14.3215
13.9124
13.5374
13.1974
12.8928
12.624
12.3909
12.1935
12.0315
11.9043
11.8115
11.7525
11.7263
11.7324
11.7699
11.8379
11.9355
12.0617
12.2155
12.3956
12.6007
12.829
13.0787
13.3471
13.6316
13.9286
14.2338
14.5423
14.8484
15.1452
15.4252
15.6798
15.8995
16.0742
16.1928
16.2441
16.2167
16.0993
15.8813
15.5532
15.1072
14.5378
13.8423
13.0216
12.0809
11.0302
9.8847
8.66578
7.40084
6.12371
4.87458
3.69976
2.65116
1.78555
1.16347
0.847867
0.902501
1.39002
2.36985
3.89595
6.0144
8.76098
12.1589
16.2165
20.9254
26.259
32.1712
38.5962
45.4481
52.6224
59.9969
67.4342
74.7849
81.8911
88.5906
94.7219
100.129
104.667
108.207
110.641
111.887
111.892
110.637
108.138
104.446
99.6477
93.8662
87.255
79.9963
72.2954
64.3745
56.4665
48.8074
41.6285
35.1491
29.569
25.0614
21.7671
19.7893
19.1896
19.9858
22.1511
25.6139
30.261
35.9402
42.4659
49.6246
57.1825
64.8926
72.5036
79.7673
86.4475
92.3275
97.2172
100.959
103.434
104.566
104.32
102.712
99.8001
95.6878
90.5202
84.4797
77.7806
70.6626
63.3842
56.2141
49.4233
43.276
38.0208
33.8822
31.0523
29.6829
29.879
31.6935
35.1226
40.1038
46.5155
54.178
62.8581
72.274
82.1043
91.9974
101.584
110.49
118.351
124.827
129.62
132.483
133.24
131.789
128.119
122.31
114.536
105.066
94.2528
82.5297
70.3925
58.3839
47.074
37.0382
28.834
22.9781
19.9231
20.0368
23.5841
30.7122
41.4405
55.655
73.1085
93.4264
116.117
140.587
166.163
192.115
217.681
242.097
264.624
284.578
301.352
314.44
323.454
328.14
328.385
324.217
315.805
303.45
287.57
268.684
247.39
224.34
200.217
175.708
#5
67.4737
51.5246
37.3132
25.1608
15.3008
7.87332
2.92392
0.406072
0.187338
2.0586
5.74601
10.9249
17.2352
24.2974
31.7282
39.1562
46.2356
52.6582
58.1634
62.5457
65.6592
67.4201
67.8055
66.8508
64.6444
61.3209
57.0525
52.0395
46.5007
40.6634
34.7533
28.9861
23.5587
18.6432
14.3811
10.8796
8.20945
6.40425
5.46135
5.34408
5.98518
7.29117
9.14754
11.4244
13.9825
16.679
19.3738
21.9341
24.24
26.1882
27.6956
28.7012
29.1681
29.0836
28.4586
27.3268
25.7422
23.7763
21.5147
19.0536
16.4955
13.9451
11.5054
9.27402
7.33913
5.77706
4.64956
4.00213
3.86288
4.24216
5.13289
6.51152
8.33952
10.5655
13.1273
15.9553
18.9742
22.1067
25.2756
28.4063
31.4291
34.2806
36.9052
39.2559
41.2948
42.9931
44.3309
45.2965
45.8861
46.1025
45.9543
45.4555
44.6242
43.4823
42.0547
40.3692
38.4564
36.3489
34.0819
31.6927
29.2209
26.7079
24.1966
21.7311
19.3562
17.1161
15.0539
13.2106
11.6237
10.3262
9.34574
8.70332
8.41266
8.47954
8.90148
9.66762
10.7589
12.1488
13.8035
15.6837
17.7452
19.9406
22.2203
24.5347
26.8349
29.0745
31.2105
33.2047
35.0242
36.6422
38.0381
39.198
40.1142
40.7851
41.2146
41.4118
41.3898
41.1653
40.7576
40.1878
39.4783
38.6515
37.7299
36.7349
35.687
34.6049
33.5056
32.4041
31.3136
30.2452
29.2082
28.2102
27.257
26.3533
25.5023
24.7064
23.9672
23.2854
22.6615
22.0954
21.5869
21.1358
20.7415
20.4038
20.1222
19.8964
19.7263
19.6116
19.5522
19.5479
19.5986
19.7039
19.8634
20.0766
20.3426
20.6604
21.0285
21.4451
21.9081
22.4149
22.9623
23.5469
24.1645
24.8106
25.48
26.1669
26.8651
27.5677
28.2672
28.9557
29.6247
30.2651
30.8674
31.4218
31.9182
32.3463
32.6956
32.9558
33.1168
33.169
33.1031
32.9109
32.585
32.1192
31.5085
30.7499
29.8418
28.7848
27.5817
26.2375
24.7602
23.1601
21.4509
19.6492
17.775
15.8517
13.9061
11.9686
10.0731
8.25677
6.55986
5.02528
3.69806
2.62465
1.852
1.42647
1.39257
1.79153
2.65972
4.02694
5.91472
8.33458
11.2864
14.757
18.7188
23.1292
27.9298
33.0469
38.3918
43.8624
49.3447
54.7158
59.8469
64.6065
68.8653
72.4999
75.3975
77.4604
78.61
78.7909
77.9737
76.1575
73.3712
69.6741
65.155
59.9302
54.1406
47.9476
41.5281
35.0688
28.7598
22.7882
17.3312
12.5499
8.58357
5.5438
3.51083
2.5301
2.61046
3.72354
5.80465
8.75488
12.4446
16.7182
21.3994
26.298
31.2164
35.9573
40.3308
44.1612
47.2941
49.6016
50.988
51.393
50.7947
49.2107
46.6981
43.3519
39.3021
34.7098
29.7615
24.663
19.6323
14.8921
10.661
7.14643
4.53576
2.98937
2.63371
3.55548
5.79711
9.35351
14.1705
20.1449
27.1263
34.9209
43.2964
51.9897
60.7148
69.1727
77.0621
84.0908
89.9869
94.5106
97.4642
98.7026
98.1407
95.7601
91.6129
85.8231
78.5856
70.1615
60.872
51.0878
41.2179
31.6945
22.9582
15.44
9.54518
5.63548
4.01364
4.90905
8.4659
14.7344
23.6655
35.1091
48.8166
64.4476
81.58
99.7241
118.339
136.854
154.685
171.262
186.048
198.557
208.377
215.185
218.757
218.976
215.843
209.467
200.066
187.958
173.545
157.299
139.742
121.428
102.917
84.7603
#6
60.6161
46.4978
33.9777
23.3455
14.812
8.50385
4.46224
2.64483
2.93099
5.12987
8.99095
14.2164
20.4747
27.4151
34.6818
41.9277
48.8274
55.088
60.4587
64.7377
67.7773
69.4864
69.8304
68.8297
66.5556
63.1247
58.6922
53.4441
47.5882
41.346
34.9434
28.6027
22.5343
16.9306
11.9595
7.75978
4.43803
2.06608
0.680275
0.281753
0.837892
2.28478
4.53059
7.45965
10.9372
14.8144
18.9339
23.1348
27.2587
31.1541
34.6818
37.7186
40.1612
41.9294
42.9676
43.2468
42.7645
41.5448
39.6366
37.1121
34.0636
30.6003
26.844
22.9252
18.9781
15.136
11.5266
8.26761
5.46277
3.19817
1.5395
0.529957
0.188926
0.511654
1.46975
3.01255
5.06936
7.55233
10.36
13.3812
16.4995
19.5974
22.5609
25.2833
27.6695
29.6385
31.1267
32.0894
32.5017
32.3592
31.6774
30.4902
28.848
26.8156
24.4688
21.8914
19.1716
16.399
13.6606
11.0385
8.60642
6.42818
4.55544
3.02678
1.86698
1.08708
0.684799
0.64555
0.943813
1.54484
2.4066
3.48183
4.72017
6.07024
7.48153
8.90616
10.3004
11.6258
12.85
13.9476
14.9
15.6954
16.3287
16.8009
17.1183
17.2916
17.3351
17.2659
17.1027
16.8651
16.573
16.2455
15.901
15.5563
15.2265
14.9246
14.6621
14.4482
14.2904
14.1943
14.1639
14.2016
14.3086
14.4845
14.7276
15.035
15.4026
15.8248
16.2949
16.805
17.3457
17.9067
18.4765
19.0427
19.5926
20.1127
20.5899
21.011
21.3641
21.638
21.8233
21.9122
21.8995
21.782
21.5592
21.2332
20.8087
20.2927
19.6943
19.0246
18.2962
17.5227
16.7183
15.8973
15.0739
14.2614
13.4722
12.7174
12.0066
11.3476
10.7467
10.2084
9.73563
9.32975
8.99094
8.71819
8.50958
8.36244
8.2735
8.23906
8.25505
8.31708
8.42052
8.56041
8.73149
8.92811
9.14421
9.37327
9.60827
9.84179
10.066
10.2727
10.4538
10.6012
10.7071
10.7645
10.7674
10.7111
10.5926
10.4108
10.1668
9.86429
9.50932
9.11056
8.67914
8.2285
7.77407
7.3329
6.92318
6.56365
6.273
6.0692
5.96879
5.98626
6.13336
6.41855
6.84651
7.41772
8.12821
8.96946
9.92834
10.9874
12.1249
13.3158
14.5318
15.7422
16.9151
18.0176
19.0174
19.8834
20.5868
21.102
21.4075
21.4868
21.329
20.9295
20.29
19.4195
18.3332
17.0536
15.6088
14.033
12.3649
10.6471
8.92483
7.24459
5.65285
4.19458
2.91185
1.84248
1.01876
0.466365
0.203485
0.24015
0.577851
1.20943
2.11927
3.28371
4.6718
6.2462
7.96434
9.77963
11.6429
13.5036
15.3115
17.0179
18.5768
19.9461
21.0889
21.9741
22.5772
22.8812
22.8769
22.563
21.9471
21.0452
19.8819
18.4904
16.9122
15.1965
13.3998
11.5846
9.81891
8.17391
6.7228
5.53842
4.69091
4.24505
4.25748
4.77375
5.82548
7.42767
9.57631
12.2466
15.3914
18.9416
22.8055
26.8714
31.0098
35.0771
38.9206
42.3843
45.3152
47.5706
49.0257
49.5802
49.166
47.7527
45.3528
42.0251
37.8763
33.0603
27.776
22.262
16.7899
11.6547
7.16429
3.62674
1.33752
0.56571
1.54086
4.44058
9.37973
16.4017
25.4725
36.4773
49.2214
63.4333
78.7724
94.8393
111.189
127.347
142.827
157.148
169.855
180.535
188.835
194.478
197.27
197.113
194.006
188.047
179.431
168.438
155.425
140.811
125.063
108.674
92.146
75.9721
#7
108.332
84.9522
64.1184
46.2993
31.8353
20.9313
13.6555
9.943
9.6058
12.3458
17.7724
25.4223
34.7817
45.3081
56.4535
67.6849
78.5037
88.4625
97.1784
104.343
109.728
113.189
114.665
114.174
111.803
107.704
102.081
95.1777
87.2644
78.6272
69.5548
60.3278
51.2092
42.436
34.2129
26.7081
20.0506
14.3293
9.59403
5.85787
3.10041
1.27229
0.300254
0.0924572
0.544027
1.54239
2.97229
4.72029
6.67866
8.74851
10.8422
12.8851
14.8164
16.5892
18.1707
19.5407
20.6912
21.6239
22.3494
22.8852
23.2538
23.4808
23.5942
23.6221
23.5923
23.5308
23.4613
23.405
23.3796
23.3998
23.4768
23.6186
23.8298
24.1122
24.4648
24.8838
25.363
25.8939
26.4658
27.0663
27.6809
28.2936
28.887
29.4424
29.9406
30.3616
30.6855
30.8928
30.9651
30.8856
30.6394
30.2147
29.6031
28.8
27.8051
26.623
25.2632
23.7402
22.0735
20.2873
18.41
16.4736
14.5133
12.5662
10.6704
8.86428
7.18497
5.66768
4.34449
3.24349
2.38794
1.79566
1.47854
1.44227
1.6863
2.20389
2.98251
4.00429
5.24672
6.68337
8.28481
10.0195
11.8548
13.7577
15.6959
17.6387
19.5574
21.4259
23.2214
24.9246
26.5197
27.9946
29.3408
30.5532
31.6298
32.5713
33.3811
34.0644
34.6279
35.0796
35.4284
35.6834
35.854
35.9494
35.9784
35.9492
35.8695
35.7459
35.5846
35.3906
35.1684
34.9214
34.6528
34.3648
34.0593
33.7377
33.4014
33.0514
32.6886
32.3142
31.9294
31.5357
31.1347
30.7286
30.3197
29.9109
29.5054
29.1067
28.7187
28.3456
27.9918
27.6619
27.3605
27.0926
26.8629
26.6762
26.537
26.4499
26.4191
26.4488
26.5424
26.7034
26.9346
27.2382
27.6158
28.068
28.5948
29.1945
29.8644
30.6002
31.3958
32.2431
33.132
34.05
34.9827
35.9131
36.8225
37.6901
38.4938
39.2106
39.8171
40.2903
40.6088
40.7531
40.7071
40.459
40.0022
39.336
38.4668
37.4082
36.1818
34.8169
33.3506
31.8268
30.2961
28.8137
27.4386
26.2318
25.2538
24.5634
24.2146
24.2554
24.725
25.6525
27.0552
28.9371
31.2886
34.0858
37.2906
40.8515
44.7042
48.7736
52.9752
57.2172
61.4033
65.4348
69.2133
72.6431
75.6341
78.1038
79.9794
81.1997
81.7169
81.4975
80.5236
78.7936
76.322
73.1403
69.2963
64.8535
59.8908
54.5011
48.7902
42.8747
36.881
30.9419
25.195
19.7793
14.8322
10.486
6.86443
4.07902
2.22519
1.37884
1.59298
2.89487
5.28359
8.72844
13.168
18.5103
24.6337
31.3895
38.6046
46.0858
53.6255
61.0069
68.0112
74.4243
80.0441
84.6878
88.1985
90.4514
91.3596
90.8779
89.0061
85.7906
81.3243
75.7449
69.2322
62.003
54.3049
46.4091
38.6016
31.1741
24.4139
18.5941
13.9633
10.7364
9.08552
9.13253
10.9429
14.521
19.8075
26.6792
34.9501
44.3758
54.6601
65.4629
76.4111
87.1109
97.1616
106.171
113.769
119.626
123.465
125.077
124.335
121.196
115.719
108.058
98.4675
87.2963
74.979
62.0233
48.9944
36.4947
25.1422
15.5462
8.2826
3.869
2.74102
5.231
11.5499
21.7735
35.8337
53.5152
74.4582
98.1676
124.028
151.322
179.258
206.997
233.684
258.478
280.59
299.308
314.026
324.271
329.717
330.199
325.72
316.448
302.712
284.983
263.859
240.038
214.292
187.436
160.294
133.674
#8
70.8565
53.9385
39.0561
26.4743
16.3586
8.77281
3.6826
0.962131
0.404773
1.73656
4.63188
8.73057
13.6555
19.0299
24.4935
29.7173
34.4155
38.3547
41.3608
43.3219
44.1884
43.9704
42.7323
40.5851
37.6778
34.1863
30.3035
26.2279
22.1537
18.2613
14.7099
11.6309
9.12359
7.25296
6.0489
5.50748
5.59373
6.24572
7.37964
8.89559
10.6837
12.6301
14.623
16.5576
18.3408
19.8948
21.159
22.0921
22.6723
22.8961
22.7777
22.3459
21.6418
20.7157
19.6234
18.4235
17.1735
15.9277
14.7343
13.6342
12.6587
11.83
11.1601
10.6517
10.2989
10.0887
10.0021
10.0164
10.1064
10.2468
10.4134
10.5849
10.7438
10.8778
10.9798
11.0485
11.088
11.1075
11.1203
11.1427
11.1931
11.2904
11.4522
11.6943
12.0286
12.4623
12.9973
13.6291
14.347
15.1341
15.9674
16.8192
17.6579
18.4491
19.1575
19.7486
20.1901
20.4536
20.5162
20.3616
19.9815
19.3754
18.5516
17.527
16.3258
14.9796
13.5253
12.0042
10.4601
8.93721
7.47906
6.12622
4.91502
3.87624
3.03407
2.40546
1.99986
1.81918
1.85826
2.10548
2.54376
3.15164
3.90453
4.77607
5.73938
6.76828
7.83842
8.92817
10.0193
11.0976
12.153
13.1796
14.1756
15.1427
16.0859
17.0127
17.9321
18.8543
19.7894
20.7469
21.7351
22.76
23.8251
24.931
26.0748
27.2502
28.4474
29.6533
30.8518
32.0238
33.1486
34.2038
35.1663
36.0131
36.7223
37.2736
37.6492
37.835
37.8204
37.5994
37.1709
36.5387
35.7115
34.7028
33.5305
32.2161
30.7843
29.2622
27.6782
26.0611
24.4393
22.8399
21.2883
19.807
18.4158
17.1311
15.9663
14.9316
14.0346
13.2806
12.6731
12.2145
11.9069
11.752
11.7521
11.9105
12.2309
12.7181
13.3772
14.2133
15.2308
16.4327
17.8197
19.3892
21.1342
23.043
25.0981
27.2759
29.5464
31.8735
34.215
36.5239
38.7487
40.8353
42.7284
44.3731
45.7167
46.7111
47.3142
47.4919
47.2197
46.4841
45.2839
43.6304
41.5482
39.075
36.2609
33.1678
29.8679
26.4421
22.978
19.5677
16.3055
13.2851
10.5976
8.32798
6.55362
5.34129
4.74524
4.80529
5.5452
6.97149
9.0725
11.818
15.1592
19.0292
23.3437
28.0032
32.8938
37.8907
42.8606
47.665
52.1641
56.2208
59.705
62.498
64.4965
65.6172
65.8007
65.0142
63.2549
60.5513
56.9641
52.5861
47.5404
41.9779
36.0731
30.0193
24.022
18.2925
13.0398
8.46276
4.7426
2.03496
0.463137
0.112295
1.02488
3.19765
6.58049
11.0771
16.5474
22.8124
29.6595
36.8512
44.1329
51.2432
57.9238
63.9294
69.0378
73.0583
75.8398
77.2767
77.3136
75.9474
73.2278
69.256
64.1809
58.1934
51.5201
44.4144
37.1473
29.998
23.2431
17.1468
11.9513
7.86784
5.06922
3.68301
3.78685
5.40513
8.50762
13.0097
18.7748
25.6181
33.3121
41.5941
50.1744
58.7461
66.9949
74.6111
81.3
86.793
90.859
93.3132
94.0264
92.932
90.0309
85.3949
79.1674
71.5613
62.8546
53.3836
43.5328
33.7233
24.3986
16.0091
8.99549
3.77161
0.707328
0.112526
2.22245
7.18535
15.0529
25.774
39.1925
55.0486
72.985
92.5562
113.243
134.469
155.619
176.066
195.187
212.39
227.139
238.967
247.503
252.479
253.743
251.268
245.146
235.589
222.919
207.553
189.989
170.781
150.524
129.824
109.277
89.4506
#9
74.9905
57.7463
42.5232
29.5806
19.0824
11.0958
5.59385
2.4626
1.51042
2.48078
5.06671
8.92658
13.7004
19.0259
24.5534
29.9599
34.9599
39.3146
42.8385
45.4025
46.9349
47.4191
46.8897
45.4261
43.1448
40.1903
36.7262
32.9252
28.9605
24.9971
21.1851
17.6536
14.5067
11.8209
9.64402
7.99607
6.87094
6.23956
6.05389
6.25148
6.76033
7.50376
8.40506
9.39165
10.3986
11.3713
12.2674
13.0575
13.7255
14.2678
14.6915
15.013
15.2554
15.4454
15.6117
15.7815
15.979
16.2229
16.5258
16.8926
17.3206
17.7998
18.3137
18.8402
19.3534
19.8252
20.2276
20.5339
20.721
20.7708
20.6713
20.4176
20.0122
19.465
18.7928
18.0188
17.1708
16.2802
15.3803
14.5043
13.6838
12.9472
12.318
11.8138
11.4455
11.2167
11.1237
11.1557
11.2955
11.5203
11.8031
12.1142
12.4223
12.6966
12.9079
13.0301
13.0413
12.9249
12.6705
12.2734
11.7358
11.0656
10.2765
9.38702
8.41969
7.40002
6.3554
5.31404
4.30392
3.35191
2.48289
1.71917
1.08003
0.581391
0.235741
0.0521689
0.0365298
0.191721
0.518014
1.01343
1.67411
2.49464
3.46838
4.58769
5.84404
7.2282
8.73015
10.3392
12.0436
13.831
15.6878
17.5995
19.5503
21.5233
23.5009
25.4641
27.3937
29.2698
31.0724
32.7818
34.3789
35.8454
37.1646
38.3213
39.3023
40.0969
40.6965
41.0955
41.291
41.2826
41.073
40.6676
40.0743
39.3034
38.3677
37.2821
36.0631
34.729
33.2994
31.7947
30.2363
28.6458
27.045
25.4552
23.8974
22.3916
20.9565
19.6094
18.3662
17.2405
16.2442
15.3871
14.6769
14.1193
13.7182
13.4756
13.3919
13.4664
13.6971
14.0812
14.6152
15.295
16.1163
17.0741
18.1633
19.3778
20.711
22.1553
23.7017
25.3392
27.0553
28.8345
30.6591
32.5085
34.359
36.1844
37.9558
39.6424
41.2117
42.6308
43.8669
44.8887
45.6673
46.1779
46.4004
46.3213
45.934
45.2405
44.2514
42.9867
41.4757
39.7569
37.8773
35.8914
33.86
31.8485
29.9253
28.1593
26.618
25.365
24.4582
23.947
23.871
24.258
25.1228
26.4664
28.2753
30.5216
33.1639
36.1476
39.4069
42.8663
46.4429
50.0485
53.5923
56.9836
60.1342
62.9608
65.3872
67.3467
68.7831
69.6527
69.9247
69.582
68.6215
67.0537
64.9026
62.205
59.0094
55.3751
51.3713
47.0753
42.5718
37.9511
33.3077
28.739
24.3431
20.2179
16.4585
13.1553
10.3922
8.24425
6.77502
6.03472
6.05781
6.86094
8.44125
10.775
13.8167
17.4988
21.7325
26.4086
31.3999
36.5639
41.7467
46.7875
51.5231
55.794
59.4497
62.3543
64.3925
65.4741
65.5388
64.5594
62.5445
59.5394
55.6259
50.921
45.5739
39.7612
33.6823
27.5518
21.5929
16.029
11.0754
6.93139
3.77185
1.74022
0.942014
1.4397
3.24894
6.33649
10.6199
15.9689
22.209
29.1265
36.4754
43.986
51.3742
58.3524
64.6409
69.979
74.1363
76.9238
78.2028
77.8936
75.9811
72.519
67.6312
61.5106
54.4147
46.659
38.6072
30.6594
23.2377
16.771
11.6775
8.34821
7.12944
8.30717
12.0927
18.6105
27.8899
39.8587
54.3423
71.0659
89.661
109.676
130.59
151.832
172.796
192.87
211.452
227.975
241.928
252.877
260.479
264.496
264.806
261.404
254.404
244.034
230.626
214.602
196.458
176.746
156.048
134.96
114.062
93.9061
