#1
104.118
98.3203
92.0539
85.4677
78.7035
71.8921
65.1508
58.5806
52.2657
46.273
40.6522
35.4379
30.6502
26.2975
22.3777
18.881
15.7911
13.0875
10.7462
8.74155
7.04646
5.63334
4.47442
3.542
2.80875
2.24785
1.83331
1.5403
1.34552
1.22776
1.16842
1.1521
1.16717
1.20625
1.26662
1.35047
1.46493
1.62191
1.83781
2.13289
2.53055
3.0564
3.73722
4.59981
5.66982
6.97056
8.52184
10.3389
12.4315
14.8029
17.4497
20.361
23.5181
26.8951
30.4589
34.1696
37.9817
41.8453
45.7072
49.5132
53.2092
56.7441
60.0714
63.1518
65.9551
68.4623
70.6673
72.5782
74.2185
75.6269
76.8572
77.9776
79.0683
80.22
81.5301
83.0995
85.0286
87.4127
90.3377
93.8759
98.0818
102.988
108.605
114.913
121.87
129.403
137.417
145.792
154.39
163.06
171.644
179.984
187.927
195.337
202.097
208.123
213.362
217.801
221.473
224.451
226.851
228.832
230.584
232.324
234.286
236.709
239.825
243.84
248.927
255.207
262.738
271.503
281.402
292.246
303.758
315.573
327.248
338.272
348.085
356.101
361.73
364.409
363.632
358.983
350.165
337.027
319.593
298.08
272.909
244.714
214.332
182.795
151.299
121.177
93.8492
70.7745
53.3904
43.05
40.9569
48.1005
65.1952
92.6262
130.405
178.14
235.016
299.799
370.855
446.184
523.483
600.216
673.705
741.231
800.149
847.997
882.616
902.255
905.674
892.219
861.891
815.378
754.069
680.028
595.952
505.083
411.11
318.032
230.01
151.203
85.5974
36.8344
8.04947
1.72257
19.5527
62.3605
130.024
221.454
334.605
466.531
613.48
771.02
934.199
1097.74
1256.22
1404.31
1536.96
1649.63
1738.43
1800.32
1833.2
1836.01
1808.75
1752.49
1669.34
1562.31
1435.21
1292.5
1139.07
980.059
820.654
665.867
520.351
388.224
272.924
177.095
102.512
50.0462
19.6673
10.4878
20.8397
48.383
90.2372
143.131
203.563
267.958
332.83
394.921
451.329
499.611
537.859
564.752
579.573
582.202
573.084
553.168
523.838
486.815
444.062
397.682
349.812
302.526
257.75
217.182
182.237
153.999
133.199
120.203
115.025
117.345
126.551
141.778
161.968
185.923
212.369
240.009
267.584
293.915
317.951
338.794
355.733
368.246
376.015
378.914
377.005
370.514
359.807
345.371
327.776
307.65
285.649
262.431
238.628
214.83
191.564
169.283
148.358
129.073
111.627
96.1354
82.6362
71.0999
61.4394
53.5207
47.1751
42.2107
38.4231
35.6055
33.5573
32.0907
31.037
30.2494
29.6056
29.0088
28.3864
27.689
26.8877
25.9707
24.9408
23.8112
22.6026
21.3404
20.0518
18.7642
17.5036
16.2942
15.1575
14.1131
13.1787
12.3713
11.7073
11.204
10.8793
10.7521
10.8422
11.1694
11.7524
12.607
13.745
15.1713
16.8825
18.865
21.093
23.5282
26.1189
28.8009
31.4987
34.1276
36.5971
38.8144
40.6895
42.1395
43.0937
43.4987
43.3228
42.5593
41.2293
39.3832
37.1006
34.4886
31.6787
28.8225
26.0855
23.6405
21.66
20.3081
19.7325
20.0574
21.3764
23.7476
27.1894
31.6786
37.1499
43.498
50.5808
58.2248
66.2317
74.3864
82.4652
90.2449
97.511
104.066
109.737
114.382
117.89
120.192
121.255
121.082
119.715
117.225
113.713
109.298
#2
84.3842
83.4522
82.3248
81.0292
79.5979
78.0671
76.475
74.8601
73.2593
71.7067
70.2317
68.8584
67.6047
66.4814
65.4928
64.6364
63.9035
63.2798
62.7462
62.2801
61.8562
61.4478
61.0279
60.5699
60.0492
59.4436
58.7344
57.9065
56.9493
55.8567
54.6272
53.264
51.7747
50.1707
48.4671
46.6816
44.8342
42.9462
41.0397
39.1364
37.2573
35.4216
33.6468
31.9475
30.3359
28.8212
27.41
26.1062
24.9116
23.8262
22.8487
21.9772
21.2096
20.5442
19.9799
19.5169
19.1566
18.9019
18.7573
18.7285
18.8223
19.0468
19.4107
19.9231
20.5938
21.4326
22.4496
23.6549
25.0589
26.6725
28.5067
30.5732
32.8839
35.4511
38.287
41.4034
44.8108
48.5175
52.529
56.8462
61.4648
66.3734
71.5532
76.9766
82.607
88.3983
94.2964
100.239
106.16
111.988
117.653
123.09
128.242
133.064
137.532
141.641
145.414
148.904
152.197
155.409
158.689
162.216
166.192
170.838
176.381
183.047
191.05
200.574
211.762
224.701
239.409
255.825
273.796
293.071
313.301
334.038
354.742
374.791
393.503
410.154
424.005
434.338
440.485
441.871
438.044
428.717
413.798
393.417
367.948
338.02
304.519
268.575
231.543
194.962
160.51
129.942
105.018
87.4298
78.7122
80.1631
92.7608
117.091
153.282
200.963
259.232
326.653
401.277
480.689
562.081
642.353
718.23
786.405
843.689
887.175
914.388
923.445
913.177
883.247
834.217
767.596
685.828
592.251
490.995
386.854
285.102
191.288
110.996
49.6032
12.0206
2.45349
24.1769
79.3452
168.844
292.196
447.517
631.548
839.734
1066.37
1304.81
1547.71
1787.31
2015.73
2225.33
2408.96
2560.32
2674.17
2746.58
2775.06
2758.68
2698.1
2595.56
2454.71
2280.53
2079.06
1857.19
1622.33
1382.15
1144.26
915.903
703.713
513.46
349.867
216.465
115.509
47.9445
13.4365
10.4424
36.3353
87.5649
159.847
248.374
348.033
453.626
560.079
662.634
757.016
839.565
907.347
958.209
990.817
1004.65
999.951
977.68
939.411
887.224
823.594
751.256
673.086
591.975
510.715
431.902
357.854
290.537
231.529
181.984
142.625
113.755
95.2794
86.7425
87.3758
96.1537
111.854
133.118
158.518
186.607
215.985
245.333
273.466
299.354
322.152
341.209
356.074
366.498
372.415
373.935
371.319
364.956
355.333
343.015
328.608
312.741
296.034
279.081
262.427
246.557
231.877
218.716
207.311
197.815
190.292
184.728
181.035
179.059
178.595
179.394
181.178
183.651
186.511
189.459
192.212
194.509
196.121
196.854
196.555
195.116
192.471
188.599
183.522
177.3
170.028
161.833
152.863
143.286
133.282
123.035
112.729
102.542
92.6399
83.1726
74.2707
66.0427
58.5739
51.925
46.1332
41.213
37.1581
33.9437
31.53
29.8645
28.886
28.5271
28.7178
29.3877
30.4683
31.8946
33.6064
35.549
37.6732
39.9355
42.2972
44.7238
47.1845
49.651
52.0971
54.4981
56.8304
59.0718
61.2014
63.2004
65.0523
66.7444
68.2676
69.6181
70.7972
71.812
72.6753
73.405
74.0241
74.5587
75.0376
75.4899
75.9441
76.4256
76.9557
77.5499
78.2167
78.957
79.7638
80.6222
81.5103
82.4
83.259
84.0518
84.7424
85.296
85.6807
85.87
85.8434
85.5883
85.1005
#3
97.0935
93.9007
90.2886
86.295
81.9639
77.3447
72.4922
67.4656
62.3283
57.146
51.9867
46.9188
42.0105
37.3279
32.9349
28.8911
25.2512
22.0641
19.3719
17.2088
15.601
14.5657
14.1107
14.2345
14.9256
16.163
17.9167
20.1475
22.8084
25.8452
29.1976
32.8005
36.5858
40.4834
44.4229
48.3354
52.1548
55.8191
59.2716
62.4622
65.3477
67.8927
70.0696
71.8588
73.2487
74.2348
74.8199
75.0131
74.8293
74.2887
73.416
72.2401
70.7935
69.1121
67.2349
65.2038
63.0639
60.8629
58.6519
56.4849
54.4193
52.5158
50.8385
49.4545
48.4341
47.85
47.777
48.291
49.468
51.3826
54.1066
57.7069
62.2434
67.7667
74.3155
81.9139
90.569
100.268
110.977
122.637
135.167
148.459
162.379
176.773
191.462
206.254
220.941
235.308
249.141
262.23
274.381
285.42
295.204
303.625
310.617
316.161
320.288
323.079
324.668
325.232
324.991
324.196
323.124
322.06
321.287
321.074
321.656
323.227
325.921
329.803
334.863
341.008
348.06
355.761
363.776
371.705
379.102
385.487
390.375
393.296
393.823
391.602
386.373
377.999
366.481
351.983
334.835
315.539
294.766
273.346
252.24
232.52
215.326
201.825
193.162
190.409
194.505
206.209
226.043
254.251
290.758
335.147
386.641
444.108
506.073
570.753
636.103
699.885
759.743
813.291
858.216
892.379
913.915
921.34
913.636
890.33
851.553
798.08
731.342
653.409
566.951
475.163
381.673
290.416
205.491
131.008
70.9211
28.8586
7.96235
10.7371
38.92
93.3768
174.029
279.819
408.712
557.739
723.082
900.19
1083.94
1268.81
1449.09
1619.08
1773.32
1906.8
2015.13
2094.76
2143.07
2158.49
2140.58
2090
2008.54
1898.98
1765.02
1611.13
1442.34
1264.06
1081.87
901.305
727.629
565.666
419.617
292.922
188.157
106.966
50.0374
17.1176
7.06413
17.9339
47.1004
91.3941
147.26
210.924
278.559
346.445
411.121
469.509
519.023
557.649
583.99
597.29
597.424
584.862
560.61
526.133
483.258
434.071
380.811
325.764
271.155
219.063
171.335
129.528
94.8604
68.1852
49.9795
40.3523
39.068
45.5823
59.0891
78.5746
102.876
130.743
160.894
192.072
223.095
252.895
280.548
305.304
326.59
344.023
357.402
366.692
372.015
373.618
371.857
367.161
360.012
350.914
340.371
328.87
316.855
304.723
292.808
281.38
270.642
260.729
251.717
243.627
236.434
230.072
224.452
219.462
214.981
210.888
207.062
203.395
199.791
196.174
192.482
188.673
184.725
180.63
176.396
172.042
167.598
163.1
158.59
154.109
149.701
145.405
141.259
137.294
133.535
130.002
126.705
123.651
120.836
118.25
115.876
113.691
111.664
109.762
107.943
106.165
104.381
102.543
100.603
98.5144
96.235
93.7266
90.9581
87.9072
84.5618
80.9218
76.9996
72.8213
68.4264
63.8677
59.2102
54.5296
49.9102
45.4424
41.2196
37.335
33.8783
30.9327
28.5711
26.854
25.827
25.5191
25.9415
27.0879
28.934
31.4396
34.5493
38.1956
42.3006
46.7793
51.5422
56.498
61.5564
66.6298
71.6359
76.4983
81.1481
85.524
89.5727
93.2485
96.5131
99.3346
101.687
103.551
104.909
105.751
106.069
105.86
105.125
103.868
102.1
99.8354
#4
28.4144
24.5744
21.091
18.0065
15.3568
13.1711
11.4703
10.2678
9.569
9.37188
9.66789
10.4427
11.6772
13.3483
15.4296
17.8924
20.7051
23.8343
27.2438
30.8949
34.7454
38.7494
42.8571
47.0142
51.1624
55.2394
59.1801
62.9175
66.3844
69.5151
72.2476
74.5255
76.3007
77.5345
78.2005
78.2847
77.7875
76.7232
75.1201
73.0196
70.475
67.5494
64.3138
60.8445
57.2208
53.5222
49.8262
46.2064
42.7305
39.4593
36.4456
33.7342
31.3622
29.3591
27.7484
26.5485
25.7746
25.4395
25.5562
26.1384
27.2022
28.7668
30.8554
33.495
36.7165
40.5536
45.0424
50.2191
56.1186
62.7722
70.205
78.4335
87.4622
97.2812
107.863
119.161
131.104
143.598
156.523
169.731
183.046
196.269
209.175
221.518
233.035
243.453
252.495
259.887
265.37
268.708
269.699
268.189
264.079
257.339
248.018
236.247
222.253
206.355
188.97
170.608
151.861
133.4
115.952
100.284
87.1801
77.4152
71.7242
70.7731
75.1268
85.2187
101.322
123.523
151.704
185.523
224.413
267.576
314
362.478
411.633
459.966
505.897
547.826
584.192
613.542
634.593
646.302
647.924
639.065
619.722
590.318
551.705
505.165
452.383
395.4
336.554
278.393
223.582
174.79
134.577
105.268
88.8416
86.8138
100.146
129.169
173.526
232.157
303.303
384.547
472.893
564.872
656.679
744.335
823.86
891.468
943.751
977.86
991.672
983.924
954.319
903.587
833.498
746.834
647.305
539.416
428.298
319.496
218.735
131.66
63.5836
19.2291
2.49933
16.275
62.2541
140.842
251.096
390.736
556.205
742.798
944.839
1155.9
1369.07
1577.22
1773.31
1950.66
2103.23
2225.88
2314.54
2366.38
2379.91
2355.04
2293.02
2196.4
2068.89
1915.17
1740.72
1551.55
1353.97
1154.32
958.729
772.909
601.925
450.045
320.619
215.993
137.478
85.3571
58.9353
56.6289
76.082
114.308
167.849
232.938
305.671
382.166
458.71
531.89
598.701
656.633
703.721
738.584
760.422
769.004
764.622
748.039
720.414
683.226
638.183
587.141
532.015
474.703
417.013
360.604
306.94
257.249
212.504
173.41
140.407
113.68
93.1786
78.6465
69.6512
65.6214
65.8839
69.7008
76.3056
84.9353
94.8596
105.405
115.975
126.063
135.258
143.257
149.853
154.938
158.493
160.574
161.302
160.849
159.421
157.247
154.563
151.601
148.577
145.683
143.08
140.89
139.198
138.049
137.448
137.363
137.728
138.45
139.413
140.486
141.529
142.398
142.954
143.067
142.623
141.528
139.711
137.124
133.751
129.599
124.704
119.124
112.941
106.253
99.1736
91.8242
84.3308
76.8192
69.4097
62.2138
55.3305
48.8433
42.819
37.3068
32.3382
27.9283
24.0779
20.776
18.0027
15.7325
13.9384
12.594
11.6773
11.1721
11.07
11.3706
12.0815
13.2168
14.7955
16.8388
19.3668
22.3958
25.9345
29.9812
34.5211
39.5247
44.9466
50.7253
56.7842
63.0331
69.3714
75.6908
81.8796
87.8265
93.4249
98.577
103.197
107.213
110.572
113.236
115.189
116.429
116.971
116.845
116.09
114.753
112.888
110.548
107.788
104.658
101.206
97.4724
93.4944
89.3033
84.9267
80.3895
75.7154
70.9289
66.0562
61.127
56.175
51.2388
46.3612
41.5893
36.973
32.5641
#5
102.089
95.6731
89.4293
83.4105
77.6591
72.2062
67.0721
62.2667
57.7906
53.6362
49.7892
46.2301
42.9362
39.8827
37.0451
34.4006
31.929
29.6147
27.4471
25.4213
23.5382
21.8048
20.2332
18.8401
17.6458
16.6724
15.9431
15.4798
15.3026
15.4274
15.8658
16.6234
17.6996
19.0878
20.7752
22.7436
24.9707
27.4308
30.0969
32.9417
35.9393
39.0665
42.3038
45.6364
49.0538
52.5501
56.1233
59.774
63.5039
67.314
71.203
75.1648
79.1874
83.2512
87.3279
91.3807
95.3641
99.2253
102.906
106.345
109.482
112.26
114.63
116.554
118.01
118.997
119.532
119.659
119.444
118.977
118.371
117.756
117.279
117.094
117.359
118.226
119.837
122.311
125.744
130.194
135.683
142.188
149.639
157.921
166.873
176.293
185.944
195.56
204.861
213.559
221.373
228.045
233.349
237.108
239.205
239.593
238.305
235.457
231.254
225.986
220.021
213.801
207.826
202.636
198.793
196.857
197.362
200.789
207.544
217.926
232.112
250.131
271.855
296.985
325.051
355.415
387.282
419.719
451.682
482.051
509.668
533.382
552.097
564.823
570.725
569.171
559.771
542.416
517.303
484.952
446.203
402.211
354.42
304.518
254.391
206.051
161.562
122.955
92.1428
70.8232
60.3981
61.8914
75.8812
102.447
141.134
190.946
250.35
317.319
389.391
463.758
537.368
607.056
669.68
722.264
762.153
787.145
795.625
786.67
760.134
716.697
657.881
586.023
504.221
416.222
326.295
239.062
159.303
91.7553
40.8949
10.7292
4.59752
24.9963
73.4361
150.338
254.976
385.468
538.819
711.013
897.155
1091.65
1288.43
1481.18
1663.57
1829.57
1973.65
2090.99
2177.72
2231.04
2249.32
2232.2
2180.52
2096.33
1982.78
1843.93
1684.64
1510.3
1326.64
1139.5
954.565
777.195
612.2
463.694
334.965
228.387
145.378
86.4013
50.9991
37.8697
44.9722
69.6556
108.807
159.005
216.685
278.288
340.406
399.909
454.051
500.551
537.652
564.148
579.387
583.259
576.146
558.873
532.63
498.893
459.337
415.75
369.944
323.681
278.599
236.153
197.574
163.83
135.61
113.321
97.0892
86.7859
82.0492
82.3219
86.8912
94.9323
105.553
117.836
130.883
143.846
155.963
166.581
175.173
181.351
184.869
185.622
183.637
179.062
172.145
163.223
152.693
140.991
128.577
115.905
103.411
91.4962
80.5095
70.7418
62.4171
55.6894
50.642
47.2898
45.5845
45.4206
46.6446
49.0638
52.4569
56.5845
61.1986
66.053
70.9116
75.5564
79.7937
83.4594
86.4222
88.5863
89.8913
90.3122
89.8574
88.5652
86.5008
83.7511
80.4198
76.6224
72.4803
68.1162
63.6487
59.1882
54.833
50.6668
46.7561
43.1492
39.8763
36.9496
34.3651
32.1046
30.1385
28.4289
26.9331
25.6072
24.4091
23.3023
22.2582
21.2586
20.2969
19.3797
18.5264
17.7691
17.1513
16.7261
16.554
16.7002
17.2318
18.2149
19.7112
21.7754
24.4524
27.7752
31.7631
36.4198
41.7331
47.6743
54.1981
61.244
68.7365
76.5873
84.6969
92.957
101.252
109.465
117.473
125.158
132.406
139.108
145.164
150.487
155
158.642
161.369
163.152
163.978
163.854
162.802
160.858
158.075
154.519
150.264
145.397
140.008
134.194
128.052
121.679
115.17
108.612
#6
33.4445
32.7543
31.9386
31.0047
29.9708
28.8652
27.7253
26.5955
25.5256
24.5688
23.7791
23.209
22.9077
22.9185
23.2774
24.0112
25.1363
26.6583
28.5709
30.8565
33.4861
36.4205
39.6109
43.0008
46.5275
50.1236
53.7197
57.2456
60.633
63.817
66.7381
69.3437
71.5893
73.4397
74.8697
75.8643
76.4187
76.5382
76.2373
75.539
74.4733
73.0762
71.3882
69.4523
67.3135
65.0162
62.6039
60.1176
57.5953
55.0714
52.5766
50.1377
47.7787
45.521
43.3843
41.3884
39.5536
37.9027
36.4618
35.2613
34.3373
33.7315
33.4918
33.6719
34.3308
35.5311
37.3383
39.8176
43.0326
47.0414
51.8945
57.631
64.2755
71.8353
80.2969
89.624
99.7548
110.601
122.047
133.949
146.138
158.42
170.578
182.379
193.578
203.922
213.161
221.052
227.368
231.912
234.517
235.063
233.482
229.764
223.965
216.214
206.71
195.728
183.611
170.769
157.668
144.82
132.766
122.06
113.25
106.854
103.338
103.096
106.421
113.488
124.338
138.858
156.779
177.664
200.921
225.807
251.446
276.862
301.004
322.79
341.153
355.086
363.697
366.256
362.247
351.409
333.774
309.69
279.839
245.234
207.208
167.378
127.605
89.9271
56.4875
29.4458
10.8837
2.70476
6.53471
23.625
54.766
100.214
159.638
232.085
315.977
409.131
508.813
611.817
714.574
813.286
904.08
983.175
1047.06
1092.66
1117.52
1119.95
1099.14
1055.26
989.518
904.173
802.484
688.637
567.606
444.983
326.76
219.088
128.015
59.2122
17.7107
7.64829
32.0494
92.6441
189.739
322.145
487.173
680.692
897.259
1130.3
1372.37
1615.43
1851.15
2071.31
2268.07
2434.35
2564.13
2652.67
2696.77
2694.87
2647.11
2555.37
2423.13
2255.35
2058.24
1838.99
1605.46
1365.85
1128.32
900.724
690.204
502.98
344.091
217.226
124.624
67.0278
43.7192
52.6094
90.3907
152.736
234.537
330.161
433.729
539.385
641.55
735.158
815.844
880.106
925.403
950.214
954.044
937.381
901.612
848.906
782.063
704.347
619.31
530.611
441.845
356.384
277.241
206.961
147.536
100.358
66.1972
45.2119
36.9861
40.5892
54.6549
77.4735
107.092
141.42
178.328
215.747
251.751
284.631
312.952
335.591
351.764
361.032
363.289
358.746
347.889
331.445
310.322
285.566
258.301
229.674
200.811
172.769
146.499
122.816
102.377
85.6669
72.9947
64.494
60.1326
59.7274
62.9634
69.4168
78.5804
89.8888
102.745
116.545
130.701
144.659
157.921
170.053
180.697
189.577
196.5
201.358
204.12
204.827
203.586
200.555
195.934
189.956
182.868
174.929
166.39
157.491
148.452
139.464
130.687
122.245
114.229
106.693
99.6593
93.1226
87.0527
81.4011
76.1076
71.106
66.3302
61.7201
57.2264
52.8147
48.468
44.1884
39.9976
35.9353
32.0575
28.4328
25.1382
22.2548
19.8618
18.0324
16.8279
16.2939
16.4567
17.3204
18.8656
21.0494
23.8056
27.0476
30.6712
34.5589
38.5843
42.6177
46.5311
50.2036
53.526
56.4053
58.7679
60.5619
61.7587
62.3531
62.3623
61.8245
60.7957
59.3469
57.5592
55.5205
53.3208
51.0479
48.7836
46.6006
44.5596
42.7072
41.0752
39.6798
38.5224
37.5906
36.86
36.2967
35.8596
35.5038
35.1832
34.8534
34.4744
34.013
#7
103.097
98.6502
94.4401
90.5208
86.9361
83.7178
80.8862
78.4493
76.4037
74.7352
73.4201
72.4262
71.7147
71.2415
70.9592
70.8181
70.7684
70.7612
70.7497
70.6908
70.5453
70.2793
69.8643
69.2776
68.503
67.5299
66.3542
64.9775
63.4067
61.6539
59.7358
57.6726
55.4882
53.2086
50.8618
48.4771
46.0841
43.7124
41.3909
39.1477
37.0094
35.0009
33.1455
31.4649
29.9789
28.7057
27.662
26.8631
26.3231
26.055
26.0703
26.3796
26.9922
27.9158
29.1565
30.7185
32.6038
34.8121
37.3402
40.1828
43.3315
46.7757
50.5026
54.4978
58.7461
63.2317
67.9399
72.8574
77.9734
83.2808
88.7766
94.4626
100.346
106.438
112.756
119.32
126.154
133.283
140.731
148.52
156.669
165.189
174.084
183.349
192.966
202.91
213.145
223.628
234.308
245.136
256.063
267.049
278.069
289.114
300.203
311.386
322.745
334.401
346.512
359.271
372.902
387.654
403.787
421.563
441.223
462.978
486.978
513.299
541.922
572.707
605.387
639.546
674.619
709.886
744.485
777.424
807.603
833.852
854.969
869.769
877.14
876.099
865.854
845.865
815.893
776.056
726.857
669.216
604.469
534.361
461.013
386.868
314.617
247.111
187.247
137.847
101.531
80.5815
76.8136
91.4584
125.059
177.393
247.425
333.287
432.309
541.08
655.551
771.18
883.109
986.373
1076.12
1147.86
1197.68
1222.5
1220.26
1190.08
1132.39
1049
943.112
819.239
683.101
541.425
401.706
271.904
160.115
74.2101
21.4738
8.24577
39.5937
119.027
248.272
427.111
653.315
922.647
1228.97
1564.43
1919.72
2284.44
2647.43
2997.29
3322.74
3613.14
3858.87
4051.74
4185.32
4255.22
4259.19
4197.3
4071.85
3887.31
3650.1
3368.35
3051.5
2709.99
2354.79
1997
1647.39
1316.05
1011.98
742.828
514.617
331.617
196.237
109.03
68.7587
72.538
116.034
193.713
299.129
425.226
564.657
710.09
854.499
991.42
1115.18
1221.06
1305.42
1365.79
1400.85
1410.42
1395.41
1357.65
1299.78
1225.08
1137.27
1040.32
938.31
835.189
734.665
640.053
554.169
479.253
416.921
368.144
333.262
312.017
303.616
306.803
319.951
341.163
368.37
399.439
432.263
464.853
495.41
522.391
544.549
560.967
571.069
574.619
571.7
562.69
548.219
529.122
506.391
481.115
454.431
427.467
401.3
376.91
355.147
336.709
322.118
311.716
305.659
303.93
306.347
312.58
322.179
334.594
349.204
365.345
382.332
399.49
416.172
431.779
445.777
457.706
467.192
473.952
477.79
478.603
476.369
471.147
463.063
452.307
439.116
423.766
406.562
387.828
367.893
347.087
325.729
304.122
282.548
261.262
240.488
220.42
201.219
183.012
165.898
149.945
135.195
121.667
109.358
98.2519
88.3178
79.5159
71.8005
65.1223
59.4308
54.6765
50.8117
47.7914
45.5739
44.1203
43.3943
43.3613
43.9879
45.2409
47.0862
49.4884
52.41
55.8112
59.6491
63.8785
68.4512
73.3169
78.4233
83.7161
89.1403
94.6398
100.158
105.638
111.023
116.258
121.285
126.05
130.499
134.58
138.242
141.437
144.124
146.263
147.821
148.774
149.104
148.804
147.876
146.336
144.207
141.528
138.345
134.716
130.708
126.395
121.857
117.175
112.434
107.715
#8
30.3926
29.96
30.2137
31.0529
32.3562
33.9881
35.8059
37.6673
39.4368
40.9921
42.2294
43.0675
43.4502
43.3476
42.7561
41.6966
40.2118
38.3624
36.2231
33.8775
31.4137
28.9193
26.4776
24.1638
22.0426
20.1662
18.5731
17.2879
16.322
15.6744
15.3331
15.2771
15.4779
15.9015
16.5098
17.2626
18.1183
19.0352
19.9721
20.8892
21.7486
22.5144
23.1537
23.6371
23.9389
24.0385
23.9202
23.5751
23.0007
22.2023
21.1928
19.9933
18.6323
17.1458
15.5761
13.9705
12.3801
10.858
9.45747
8.23001
7.22375
6.48177
6.04065
5.92951
6.16923
6.77218
7.74222
9.07514
10.7593
12.7766
15.1035
17.7121
20.5712
23.6475
26.9064
30.3122
33.8293
37.4218
41.0537
44.689
48.2914
51.8239
55.249
58.5288
61.625
64.4998
67.1167
69.4419
71.4458
73.105
74.4045
75.3399
75.9194
76.1661
76.1195
75.8365
75.392
74.8781
74.4029
74.0878
74.0638
74.4665
75.4307
77.0832
79.536
82.878
87.1679
92.4262
98.6295
105.704
113.525
121.91
130.625
139.387
147.87
155.715
162.542
167.967
171.621
173.166
172.317
168.864
162.691
153.792
142.292
128.45
112.672
95.506
77.6401
59.8857
43.1579
28.4477
16.7867
9.20743
6.69782
10.1536
20.3294
37.7905
62.8689
95.6244
135.815
182.876
235.914
293.714
354.761
417.279
479.282
538.644
593.178
640.728
679.264
706.984
722.41
724.482
712.639
686.881
647.819
596.692
535.364
466.289
392.447
317.259
244.461
177.971
121.734
79.5472
54.8942
50.7739
69.5437
112.782
181.176
274.445
391.301
529.449
685.636
855.741
1034.91
1217.7
1398.34
1570.87
1729.44
1868.53
1983.19
2069.2
2123.36
2143.51
2128.76
2079.43
1997.12
1884.65
1745.91
1585.77
1409.82
1224.2
1035.31
849.579
673.195
511.855
370.551
253.373
163.368
102.434
71.2737
69.393
95.1594
145.901
218.051
307.324
408.922
517.75
628.644
736.585
836.91
925.487
998.87
1054.41
1090.33
1105.78
1100.77
1076.2
1033.73
975.684
904.916
824.659
738.371
649.576
561.708
477.978
401.248
333.934
277.931
234.569
204.588
188.151
184.868
193.853
213.79
243.014
279.606
321.482
366.491
412.503
457.491
499.605
537.225
569.013
593.936
611.286
620.677
622.038
615.587
601.8
581.374
555.181
524.224
489.59
452.405
413.794
374.839
336.551
299.843
265.509
234.207
206.461
182.646
163.002
147.634
136.527
129.557
126.507
127.081
130.924
137.638
146.792
157.943
170.645
184.462
198.973
213.787
228.539
242.904
256.592
269.354
280.977
291.291
300.159
307.482
313.191
317.25
319.646
320.392
319.525
317.096
313.174
307.842
301.193
293.329
284.36
274.398
263.564
251.975
239.753
227.018
213.889
200.484
186.918
173.303
159.746
146.354
133.227
120.464
108.158
96.3991
85.2732
74.8618
65.2414
56.4835
48.6534
41.8092
36.0014
31.2705
27.6467
25.1476
23.7766
23.5221
24.3553
26.2295
29.079
32.8192
37.3461
42.5376
48.2549
54.3443
60.6408
66.9712
73.1585
79.0269
84.4066
89.1397
93.0848
96.1227
98.1606
99.1364
99.0208
97.8198
95.5749
92.3619
88.2888
83.4918
78.1305
72.3817
66.4322
60.4718
54.685
49.2441
44.3018
39.9851
36.391
33.5821
31.5856
#9
30.4374
28.7144
27.3537
26.3776
25.8049
25.65
25.923
26.6288
27.7669
29.3309
31.308
33.679
36.4177
39.4911
42.859
46.4747
50.2846
54.2292
58.2434
62.2581
66.2004
69.9959
73.5696
76.8481
79.7614
82.2446
84.2402
85.6998
86.5855
86.8719
86.5467
85.6113
84.0814
81.9863
79.3682
76.2808
72.7875
68.9594
64.8725
60.6055
56.2367
51.8419
47.4918
43.2501
39.1721
35.3037
31.681
28.3306
25.2703
22.5104
20.0555
17.9065
16.0622
14.5222
13.2882
12.3661
11.7666
11.5065
11.6086
12.1013
13.0174
14.393
16.2652
18.6702
21.641
25.2049
29.3813
34.1805
39.6012
45.6307
52.2437
59.4027
67.0592
75.1543
83.6208
92.3855
101.371
110.497
119.688
128.866
137.964
146.919
155.678
164.2
172.454
180.424
188.108
195.52
202.688
209.657
216.492
223.272
230.097
237.081
244.358
252.075
260.393
269.482
279.516
290.669
303.105
316.974
332.396
349.457
368.194
388.586
410.542
433.893
458.382
483.661
509.29
534.735
559.377
582.521
603.414
621.266
635.275
644.655
648.674
646.689
638.181
622.795
600.374
570.99
534.968
492.905
445.674
394.427
340.571
285.746
231.779
180.631
134.328
94.8896
64.239
44.1181
35.9975
40.9895
59.7706
92.5141
138.84
197.786
267.799
346.759
432.024
520.51
608.791
693.233
770.139
835.921
887.27
921.335
935.893
929.506
901.644
852.79
784.496
699.389
601.141
494.375
384.525
277.647
180.19
98.7275
39.6759
8.99137
11.8764
52.5013
133.756
257.051
422.166
627.175
868.438
1140.67
1437.08
1749.6
2069.16
2386.02
2690.15
2971.62
3221
3429.77
3590.66
3697.95
3747.74
3738.12
3669.26
3543.38
3364.71
3139.31
2874.8
2580.09
2264.98
1939.78
1614.93
1300.54
1006.04
739.838
508.973
318.935
173.475
74.5233
22.1888
14.8231
49.1626
120.529
223.083
350.108
494.331
648.231
804.367
955.661
1095.67
1218.81
1320.52
1397.41
1447.29
1469.2
1463.4
1431.22
1374.98
1297.81
1203.46
1096.13
980.224
860.191
740.322
624.584
516.487
418.972
334.33
264.163
209.369
170.162
146.118
136.247
139.079
152.768
175.199
204.102
237.161
272.115
306.854
339.489
368.421
392.379
410.449
422.083
427.086
425.6
418.065
405.175
387.823
367.052
343.99
319.8
295.62
272.524
251.476
233.299
218.654
208.021
201.697
199.797
202.262
208.875
219.283
233.016
249.52
268.177
288.335
309.333
330.522
351.289
371.069
389.361
405.739
419.853
431.437
440.307
446.354
449.544
449.909
447.538
442.57
435.181
425.582
414.003
400.688
385.888
369.855
352.837
335.07
316.782
298.183
279.469
260.82
242.399
224.351
206.808
189.887
173.689
158.304
143.811
130.274
117.749
106.281
95.9036
86.64
78.5033
71.4952
65.6066
60.8172
57.0952
54.3982
52.6725
51.8546
51.8715
52.6421
54.0782
56.0862
58.5687
61.4262
64.5592
67.8695
71.2623
74.6479
77.9428
81.071
83.9651
86.5669
88.8279
90.7092
92.1816
93.2255
93.8298
93.992
93.7166
93.015
91.9041
90.4056
88.5455
86.3527
83.8587
81.0972
78.103
74.9123
71.5616
68.0884
64.5301
60.9245
57.3093
53.7222
50.201
46.7827
43.5044
40.402
37.5109
34.865
32.497
#10
67.7898
61.424
55.2229
49.4038
44.1732
39.7178
36.1962
33.7327
32.412
32.2756
33.3215
35.5038
38.7363
42.896
47.8289
53.3571
59.2856
65.4106
71.527
77.4362
82.9528
87.9107
92.1682
95.6116
98.1581
99.7567
100.388
100.066
98.8294
96.7462
93.9049
90.4121
86.3871
81.9573
77.2529
72.4026
67.5283
62.7417
58.1403
53.8048
49.7971
46.1587
42.9107
40.0545
37.573
35.4329
33.5882
31.9834
30.5582
29.252
28.0086
26.7809
25.5352
24.2556
22.9467
21.6362
20.3763
19.244
18.3397
17.7853
17.7209
18.3
19.6843
22.0376
25.519
30.2761
36.4383
44.1098
53.3642
64.2389
76.7313
90.7958
106.342
123.235
141.297
160.308
180.011
200.12
220.319
240.275
259.644
278.076
295.228
310.766
324.381
335.788
344.74
351.033
354.51
355.072
352.68
347.36
339.206
328.385
315.139
299.78
282.697
264.348
245.256
226.005
207.227
189.594
173.802
160.556
150.55
144.446
142.853
146.302
155.223
169.919
190.548
217.096
249.37
286.978
329.326
375.618
424.867
475.904
527.409
577.939
625.971
669.947
708.329
739.656
762.603
776.044
779.104
771.216
752.165
722.117
681.647
631.737
573.77
509.499
441.003
370.617
300.861
234.339
173.64
121.226
79.3233
49.8115
34.1256
33.1704
47.2539
76.0442
118.554
173.154
237.619
309.202
384.739
460.781
533.745
600.081
656.444
699.869
727.936
738.915
731.884
706.822
664.651
607.245
537.385
458.672
375.397
292.373
214.724
147.666
96.2641
65.1867
58.474
79.3229
129.905
211.225
323.03
463.769
630.618
819.552
1025.48
1242.44
1463.8
1682.54
1891.54
2083.81
2252.86
2392.9
2499.1
2567.79
2596.58
2584.52
2532.04
2440.99
2314.55
2157.07
1973.88
1771.11
1555.38
1333.61
1112.68
899.201
699.278
518.281
360.672
229.872
128.168
56.6801
15.3655
3.0781
17.6642
56.0969
114.638
189.021
274.645
366.774
460.729
552.067
636.745
711.249
772.708
818.962
848.605
860.993
856.222
835.074
798.94
749.726
689.74
621.569
547.958
471.684
395.44
321.731
252.782
190.465
136.246
91.153
55.7632
30.2126
14.222
7.1397
7.99809
15.5793
28.4879
45.226
64.2681
84.1314
103.44
120.979
135.737
146.94
154.065
156.851
155.286
149.592
140.197
127.7
112.832
96.4079
79.2873
62.3284
46.3491
32.0913
20.1916
11.1596
5.3622
3.01648
4.18929
8.80347
16.65
27.4049
40.6494
55.893
72.5973
90.1999
108.138
125.867
142.884
158.738
173.043
185.487
195.837
203.937
209.711
213.151
214.319
213.329
210.342
205.558
199.198
191.5
182.707
173.059
162.783
152.093
141.181
130.215
119.341
108.679
98.3269
88.3639
78.8502
69.8328
61.3486
53.4276
46.0957
39.378
33.2993
27.8862
23.1662
19.1673
15.9164
13.4371
11.7468
10.8546
10.758
11.4404
12.8699
14.9975
17.7571
21.0666
24.8293
28.9372
33.2746
37.7227
42.1648
46.4912
50.6046
54.4245
57.8914
60.9693
63.6475
65.9402
67.8856
69.5425
70.9863
72.3031
73.5839
74.9174
76.3831
78.0453
79.9468
82.1049
84.5083
87.1159
89.8577
92.6372
95.3361
97.8204
99.9476
101.575
102.568
102.81
102.208
100.701
98.2643
94.9139
90.7067
85.7403
80.1495
74.1018
