#1
0.0099239
0.00666075
0.00621404
0.0086857
0.0137598
0.0207365
0.0286352
0.0363448
0.0427921
0.0470981
0.0486984
0.0474086
0.0434299
0.0372986
0.029792
0.0218093
0.0142472
0.00788972
0.00332423
0.000893109
0.00068212
0.00254172
0.00613404
0.0109961
0.0166094
0.0224677
0.0281358
0.0332929
0.0377593
0.0415027
0.0446239
0.0473242
0.0498581
0.052476
0.0553673
0.0586104
0.0621412
0.0657457
0.0690804
0.0717195
0.0732212
0.0732013
0.0714022
0.0677422
0.062336
0.0554833
0.0476272
0.0392936
0.0310226
0.0233086
0.0165578
0.0110716
0.00705203
0.00462375
0.00386039
0.00480435
0.0074722
0.0118443
0.0178439
0.0253179
0.03403
0.0436802
0.053951
0.0645773
0.0754229
0.0865435
0.0982117
0.110888
0.125128
0.14144
0.160114
0.181051
0.203642
0.226733
0.24868
0.267521
0.281225
0.287988
0.286522
0.276286
0.257612
0.231692
0.200448
0.166271
0.131709
0.0991339
0.0704526
0.0469101
0.0290075
0.0165433
0.00875894
0.00455308
0.00272104
0.00217268
0.00209269
0.00202109
0.00184955
0.00174601
0.00203247
0.00304736
0.00502312
0.008003
0.0118106
0.0160733
0.0202893
0.0239212
0.0264937
0.027677
0.0273386
0.0255571
0.0225985
0.0188616
0.0148053
0.0108732
0.00742795
0.00470662
0.00280229
0.0016724
0.00116904
0.00108343
0.0011949
0.00131482
0.00131804
0.00115713
0.000858525
0.000503053
0.000196221
3.5317e-05
8.07065e-05
0.000337629
0.000752495
0.00122458
0.00163067
0.00185728
0.00183306
0.00155354
0.00109168
0.000589988
0.000234375
0.000213655
0.000672549
0.00166837
0.00314198
0.00491162
0.00669442
0.00815463
0.00897226
0.00892012
0.00793472
0.00616546
0.00398962
0.00198551
0.000863827
0.00136484
0.00413603
0.00960982
0.0179024
0.0287527
0.0415146
0.0552083
0.0686256
0.0804771
0.089559
0.094916
0.0959746
0.0926265
0.0852468
0.0746447
0.061952
0.0484666
0.0354742
0.0240763
0.0150498
0.00876144
0.00514958
0.00377475
0.00393108
0.00479853
0.00561017
0.00580547
0.00514311
0.00375321
0.00211918
0.00099156
0.00124773
0.00372118
0.00902975
0.0174328
0.0287431
0.0423104
0.0570815
0.0717302
0.0848368
0.0950898
0.101479
0.103448
0.100984
0.0946249
0.0853925
0.07465
0.0639136
0.0546429
0.0480434
0.0449085
0.0455257
0.0496568
0.0565956
0.0652899
0.0745082
0.083024
0.0897882
0.0940635
0.0955017
0.0941541
0.0904158
0.084918
0.0783886
0.0715076
0.0647848
0.0584818
0.0525943
0.0468975
0.041047
0.0347155
0.0277398
0.0202467
0.0127302
0.00605803
0.00139891
7.35485e-05
0.00334827
0.0122015
0.0271011
0.0478329
0.0734144
0.102118
0.131611
0.1592
0.182157
0.19807
0.205177
0.202635
0.190659
0.17053
0.144436
0.115194
0.0858655
0.0593374
0.0379266
0.0230738
0.0151737
0.0135717
0.0167278
0.0225217
0.0286487
0.0330392
0.0342305
0.0316265
0.0255997
0.0174159
0.00899443
0.00254455
0.000140731
0.00331262
0.0127225
0.0279894
0.0476947
0.0695711
0.0908487
0.108699
0.120709
0.125295
0.122002
0.111624
0.0961209
0.078355
0.0616725
0.0493991
0.0443266
0.0482668
0.0617435
0.0838673
0.112413
0.144093
0.17498
0.201039
0.218665
0.225191
0.219268
0.201086
0.172404
0.136382
0.0972469
0.0598197
0.0289764
0.00908851
0.00351588
0.0142024
0.0414179
0.0836742
0.137824
0.199334
0.262715
0.322056
0.371628
0.406483
0.423002
0.419318
0.395569
0.353939
0.298477
0.234689
0.168954
0.107809
0.0571952
0.0217536
0.00426193
0.00529686
0.0231715
0.0541669
0.0930357
0.133713
0.170142
0.197099
0.210897
0.209872
0.19458
0.167672
0.133469
0.0973103
0.0647623
0.0408112
0.0291642
0.0317542
0.0485178
0.0774692
0.115049
0.156682
0.197453
0.23279
0.259054
0.273955
0.276741
0.268146
0.250133
0.225481
0.197297
0.168541
0.141632
0.118193
0.0989585
0.0838429
0.0721377
0.0627861
0.0546782
0.0469109
0.0389668
0.0307897
0.0227515
0.0155294
#2
0.172932
0.178511
0.172548
0.155033
0.127844
0.094652
0.0605148
0.0312038
0.0123645
0.00864099
0.0229106
0.0557567
0.105275
0.167256
0.235711
0.303686
0.364205
0.41123
0.440454
0.44984
0.439799
0.413019
0.373956
0.328112
0.281194
0.238318
0.203355
0.178534
0.164326
0.159613
0.162088
0.168789
0.176677
0.183146
0.18638
0.185524
0.180651
0.172547
0.162392
0.151402
0.140507
0.130143
0.120183
0.110033
0.0988546
0.0858749
0.0707172
0.0536761
0.03588
0.0192967
0.00656627
0.000677693
0.00453154
0.0204547
0.0497428
0.0923069
0.146485
0.209063
0.275507
0.340399
0.398006
0.442939
0.470783
0.478641
0.465509
0.432428
0.382394
0.320038
0.251112
0.181847
0.118265
0.0655258
0.0273924
0.00587746
0.00110456
0.0113972
0.0335756
0.0634147
0.0962008
0.127312
0.152748
0.16955
0.176061
0.172004
0.158391
0.137274
0.111391
0.0837653
0.0573013
0.0344413
0.0169134
0.00559657
0.000506021
0.000888086
0.00540158
0.0123544
0.0199622
0.0265996
0.0310157
0.0324977
0.0309693
0.0270173
0.0218472
0.01717
0.015029
0.0175774
0.0268247
0.0443744
0.0711777
0.107335
0.151974
0.203223
0.258302
0.313731
0.365638
0.410135
0.443732
0.463726
0.468515
0.457803
0.43265
0.395372
0.349293
0.298376
0.246796
0.198489
0.156757
0.123958
0.101327
0.088938
0.0858071
0.0901038
0.0994429
0.111208
0.122863
0.132221
0.137631
0.138085
0.133242
0.123374
0.109264
0.0920727
0.0731916
0.054108
0.0362795
0.0210303
0.00946489
0.00239787
0.000297944
0.00324773
0.0109239
0.0226054
0.0372176
0.0534199
0.0697346
0.0847137
0.0971246
0.106132
0.111448
0.113418
0.113027
0.111798
0.111603
0.11439
0.121871
0.135207
0.154755
0.179909
0.209076
0.239812
0.269089
0.293682
0.310604
0.317539
0.313197
0.297525
0.271755
0.238257
0.200223
0.161231
0.124758
0.0937061
0.0700344
0.0545461
0.0468624
0.0455869
0.0486276
0.0536162
0.0583515
0.0611874
0.0612983
0.0587786
0.0545632
0.0501873
0.0474359
0.0479506
0.0528695
0.062567
0.0765442
0.0934877
0.111487
0.12837
0.142091
0.151109
0.154675
0.152994
0.147209
0.139244
0.131495
0.126457
0.12632
0.132623
0.146003
0.166082
0.1915
0.220094
0.249172
0.275855
0.297428
0.311644
0.316966
0.3127
0.299023
0.276924
0.248057
0.214547
0.178781
0.143192
0.11007
0.0814107
0.058796
0.0433203
0.0355503
0.0355166
0.0427342
0.056248
0.0747042
0.0964441
0.119621
0.142333
0.162765
0.179332
0.190805
0.196407
0.195879
0.189485
0.177979
0.16252
0.144553
0.125677
0.107499
0.0915137
0.0790095
0.0710122
0.0682676
0.0712582
0.0802387
0.0952773
0.116282
0.143005
0.175008
0.211604
0.251776
0.294097
0.336686
0.37721
0.412969
0.441076
0.45872
0.463499
0.453781
0.429047
0.39015
0.339435
0.280679
0.218826
0.159517
0.108477
0.0708
0.0502521
0.0486874
0.0656737
0.0984113
0.14198
0.189909
0.235004
0.270338
0.290245
0.291197
0.272382
0.235922
0.186636
0.131397
0.0781394
0.0346715
0.00747036
0.000644311
0.0152392
0.0490085
0.0967002
0.150829
0.202825
0.244379
0.268776
0.271998
0.253405
0.215885
0.165428
0.110192
0.0592001
0.0208823
0.00170098
0.00508403
0.0308486
0.0752117
0.131389
0.190687
0.243903
0.28281
0.301475
0.297195
0.270914
0.227035
0.172694
0.116607
0.0676881
0.0336767
0.0199829
0.0289358
0.0595358
0.107729
0.167134
0.230083
0.288794
0.336479
0.368219
0.381484
0.376247
0.35471
0.320714
0.278978
0.234294
0.190829
0.151635
0.11844
0.0916999
0.0709004
0.0549863
0.0428375
0.0336707
0.0272863
0.0241106
0.0250312
0.0310675
0.0429563
0.0607493
0.0835243
0.109287
0.13511
0.157497
#3
0.353948
0.341698
0.312943
0.274991
0.23854
0.215997
0.219294
0.257579
0.335225
0.450536
0.595436
0.756269
0.915618
1.05487
1.15711
1.20986
1.2072
1.15078
1.04976
0.919352
0.77854
0.647069
0.542412
0.477123
0.457062
0.480751
0.539956
0.621366
0.709032
0.787144
0.84265
0.867278
0.858651
0.820338
0.760885
0.692054
0.626593
0.575969
0.548429
0.547711
0.572595
0.617301
0.672647
0.727703
0.771667
0.795623
0.793923
0.764982
0.71141
0.639489
0.558124
0.477449
0.407317
0.355897
0.32857
0.327255
0.350235
0.392471
0.446351
0.502737
0.552183
0.586158
0.598126
0.584365
0.544421
0.481168
0.400455
0.310388
0.220341
0.13979
0.0771287
0.0385987
0.0274735
0.0436047
0.0834019
0.140264
0.205416
0.269068
0.321726
0.355505
0.365242
0.349257
0.309623
0.251916
0.184446
0.117074
0.0597868
0.0212309
0.00742587
0.0208533
0.0600639
0.119866
0.192072
0.266687
0.333375
0.382961
0.408769
0.407584
0.380112
0.330873
0.267565
0.199991
0.138721
0.0936819
0.0728654
0.0813282
0.1206
0.188555
0.279739
0.386084
0.497891
0.604953
0.697667
0.768005
0.810253
0.821446
0.801478
0.752917
0.680558
0.590803
0.490941
0.388412
0.290137
0.201975
0.128326
0.0719315
0.0338382
0.0135212
0.00913228
0.0178293
0.0361465
0.0603651
0.0868508
0.112333
0.134113
0.150191
0.159324
0.161014
0.15545
0.143408
0.12613
0.105199
0.0824005
0.0595953
0.0386031
0.0210944
0.00849915
0.00193372
0.00214883
0.00950165
0.0239542
0.0450982
0.0722053
0.104297
0.140228
0.178775
0.218719
0.258917
0.298353
0.336163
0.371644
0.404233
0.433476
0.458994
0.480434
0.497439
0.509621
0.516554
0.517779
0.512829
0.501281
0.482813
0.457284
0.424828
0.385937
0.341546
0.293086
0.242492
0.192159
0.144826
0.103389
0.0706534
0.049036
0.0402684
0.0451231
0.0632175
0.092931
0.131465
0.175055
0.219322
0.259726
0.292076
0.313016
0.320433
0.313714
0.29382
0.263164
0.225289
0.184418
0.144913
0.110731
0.0849608
0.0694814
0.0648117
0.070146
0.0835695
0.102411
0.123671
0.144457
0.162364
0.175733
0.183776
0.186536
0.184726
0.179464
0.171977
0.163321
0.154169
0.14472
0.134722
0.123617
0.11077
0.0957344
0.0784984
0.0596619
0.0404947
0.022864
0.00902903
0.00133466
0.00185094
0.0120189
0.0323633
0.0623244
0.100239
0.143482
0.188745
0.232414
0.270995
0.30151
0.321825
0.330849
0.328594
0.316085
0.295159
0.268172
0.237687
0.206178
0.17581
0.148316
0.124991
0.106784
0.0944812
0.0889167
0.0911774
0.102745
0.125533
0.161791
0.213871
0.283857
0.373113
0.481799
0.608415
0.749481
0.8994
1.05057
1.19379
1.31894
1.4159
1.4756
1.49118
1.45893
1.37909
1.25619
1.09897
0.91975
0.733299
0.555353
0.400867
0.282256
0.207871
0.180901
0.198913
0.254119
0.334369
0.424777
0.509757
0.5752
0.610457
0.609837
0.573353
0.506606
0.419785
0.325945
0.238817
0.17053
0.129617
0.119656
0.138796
0.180274
0.233817
0.287725
0.331217
0.356641
0.361092
0.347137
0.322452
0.298421
0.287913
0.302649
0.350623
0.434101
0.548583
0.682987
0.821053
0.943793
1.03255
1.07214
1.05358
0.975819
0.846185
0.679501
0.495929
0.317932
0.166874
0.0598095
0.00699812
0.0105486
0.0643781
0.155463
0.266134
0.376997
0.469981
0.531017
0.551916
0.531208
0.473839
0.389876
0.292479
0.195529
0.111343
0.0488349
0.0124231
0.0017983
0.0125436
0.0374291
0.0681023
0.0968406
0.118033
0.129126
0.130882
0.126915
0.122639
0.123846
0.135209
0.159048
0.194589
0.237925
0.282682
0.321303
0.346698
#4
0.206335
0.191018
0.169777
0.144544
0.117477
0.0907216
0.0661811
0.0453344
0.029111
0.0178431
0.0112987
0.00878727
0.00932328
0.0118174
0.0152649
0.0188985
0.0222779
0.0253035
0.0281521
0.0311529
0.0346327
0.0387662
0.0434709
0.0483726
0.0528553
0.056188
0.0577023
0.0569808
0.0540082
0.0492448
0.0435953
0.0382684
0.0345487
0.0335261
0.0358388
0.041493
0.049806
0.0594998
0.0689373
0.0764651
0.080796
0.0813536
0.0785002
0.0735902
0.0688195
0.0668855
0.0705074
0.0818918
0.102242
0.13141
0.167762
0.208307
0.249064
0.285632
0.313862
0.330519
0.333824
0.323781
0.302216
0.272541
0.239254
0.207262
0.181151
0.164487
0.159297
0.165776
0.182285
0.205627
0.231553
0.255414
0.272863
0.280491
0.276313
0.260032
0.233054
0.198258
0.159573
0.121415
0.0880829
0.0631977
0.049246
0.0473005
0.0569345
0.076333
0.102574
0.132036
0.160861
0.185431
0.202783
0.210916
0.208978
0.197302
0.177314
0.151323
0.12223
0.0931936
0.0672926
0.0472108
0.0349798
0.031795
0.0379162
0.0526556
0.0744513
0.101016
0.129553
0.157015
0.1804
0.197047
0.204921
0.202845
0.19067
0.169339
0.140848
0.108082
0.0745485
0.0440119
0.0200835
0.00580105
0.00325577
0.0133158
0.0354867
0.0679337
0.107669
0.150881
0.193373
0.231039
0.260332
0.278646
0.284574
0.278006
0.26006
0.232874
0.199286
0.162464
0.125534
0.0912674
0.0618587
0.038812
0.0229402
0.0144525
0.0131005
0.0183436
0.0294991
0.0458494
0.0666928
0.0913389
0.119063
0.149042
0.180297
0.211667
0.241834
0.269388
0.292956
0.31134
0.323673
0.329551
0.329115
0.323077
0.312669
0.299533
0.285542
0.272598
0.262412
0.256313
0.255084
0.258877
0.267186
0.278911
0.292476
0.306016
0.317584
0.325376
0.327933
0.324307
0.314165
0.297829
0.276235
0.250841
0.223459
0.196074
0.170628
0.148832
0.131996
0.120909
0.115778
0.116229
0.121367
0.129886
0.140217
0.150695
0.159732
0.165973
0.168426
0.166551
0.160304
0.150131
0.136913
0.121873
0.106441
0.0921092
0.0802684
0.07206
0.068249
0.0691356
0.0745159
0.0836993
0.0955828
0.108777
0.121774
0.133127
0.141642
0.146527
0.147506
0.144852
0.139357
0.132218
0.124863
0.11874
0.115086
0.114734
0.117958
0.124412
0.13315
0.142749
0.151501
0.157663
0.159719
0.156612
0.147918
0.13393
0.11563
0.0945678
0.0726444
0.0518537
0.0340047
0.0204766
0.0120409
0.0087776
0.0100951
0.0148505
0.021546
0.0285713
0.0344487
0.0380462
0.0387221
0.0363854
0.0314631
0.0247869
0.0174233
0.0104768
0.00490443
0.00137094
0.000169807
0.00121916
0.00412987
0.00832874
0.0132101
0.0182842
0.0232916
0.0282601
0.0334905
0.0394724
0.0467463
0.0557348
0.0665801
0.0790195
0.0923293
0.105357
0.116644
0.12463
0.127914
0.125524
0.117168
0.103401
0.0856964
0.0663717
0.0483839
0.0349996
0.0293765
0.0341057
0.0507785
0.0796389
0.119382
0.167142
0.21869
0.268844
0.31204
0.343029
0.357582
0.353141
0.329291
0.287989
0.233488
0.171942
0.110719
0.0574973
0.0192646
0.0013407
0.00658422
0.0348981
0.0831279
0.145387
0.213783
0.279453
0.333768
0.369532
0.382001
0.369557
0.333939
0.279986
0.214932
0.147345
0.0858932
0.0381062
0.00932976
0.00202661
0.0155228
0.0462265
0.0882724
0.134481
0.177474
0.210773
0.229717
0.232067
0.218225
0.191057
0.155359
0.117079
0.0824093
0.0568896
0.0446566
0.0479229
0.0667505
0.0991259
0.141307
0.188374
0.234906
0.27567
0.306257
0.323569
0.32612
0.314129
0.289399
0.255025
0.214969
0.173571
0.135041
0.103016
0.0801991
0.068135
0.0671272
0.0762926
0.0937385
0.116832
0.142522
0.167684
0.189435
0.205409
0.213956
0.214255
#5
4.80382
5.08488
5.3508
5.58444
5.7696
5.89224
5.94172
5.91187
5.80179
5.61628
5.36589
5.06638
4.73779
4.40291
4.08557
3.80859
3.59175
3.44996
3.39178
3.41851
3.52397
3.69497
3.9126
4.15403
4.39475
4.61107
4.78242
4.89336
4.93496
4.90545
4.81001
4.65981
4.4704
4.25964
4.04559
3.8444
3.66878
3.527
3.42258
3.35476
3.31947
3.31081
3.32251
3.34936
3.38824
3.43856
3.50215
3.58255
3.6838
3.80913
3.95947
4.13249
4.32186
4.51737
4.70562
4.87129
4.99897
5.0751
5.0899
5.03889
4.92384
4.75295
4.54008
4.30339
4.06314
3.83933
3.64926
3.50544
3.41419
3.37515
3.3817
3.42237
3.48291
3.5487
3.60725
3.65007
3.67393
3.68108
3.6784
3.67578
3.68391
3.7119
3.76527
3.84455
3.94487
4.05664
4.16702
4.26213
4.32947
4.36009
4.3502
4.30183
4.22254
4.12414
4.02073
3.92646
3.85324
3.80905
3.79683
3.81442
3.85517
3.90938
3.96614
4.01518
4.04855
4.06184
4.05466
4.0305
3.99595
3.95944
3.92988
3.91516
3.92102
3.95027
4.00251
4.07431
4.15981
4.25164
4.34196
4.42343
4.49013
4.53814
4.56584
4.57388
4.56491
4.54308
4.51338
4.48103
4.45086
4.4268
4.41159
4.40658
4.41178
4.42599
4.44707
4.47226
4.49853
4.5229
4.54269
4.55576
4.56061
4.55646
4.54319
4.52132
4.49186
4.45622
4.41603
4.37306
4.32906
4.28572
4.24454
4.20683
4.17364
4.1458
4.12388
4.10824
4.09904
4.09625
4.09971
4.10914
4.12415
4.14429
4.16903
4.19777
4.22985
4.26454
4.30103
4.33841
4.37569
4.4118
4.44557
4.47583
4.50141
4.52124
4.53444
4.54039
4.53889
4.53021
4.51521
4.49536
4.47279
4.45017
4.43067
4.41769
4.4147
4.42485
4.45067
4.49374
4.55436
4.63128
4.7216
4.82073
4.92254
5.01967
5.10404
5.16744
5.20228
5.2023
5.16335
5.08402
4.96602
4.81443
4.63763
4.4468
4.25532
4.07768
3.92839
3.82062
3.76503
3.76858
3.83371
3.95786
4.13338
4.34801
4.58569
4.82789
5.05515
5.24881
5.39273
5.47477
5.48801
5.43142
5.30997
5.1342
4.91917
4.68295
4.44477
4.22316
4.03395
3.8888
3.79405
3.75018
3.75207
3.78975
3.84991
3.91774
3.97899
4.022
4.03948
4.02963
3.99661
3.95012
3.90418
3.8751
3.87902
3.92923
4.03366
4.19301
4.39975
4.63828
4.88634
5.11748
5.30442
5.42273
5.45439
5.39054
5.23318
4.99518
4.69885
4.37303
4.04915
3.75696
3.52051
3.35496
3.26495
3.24449
3.27868
3.34657
3.42505
3.49279
3.53366
3.53916
3.5093
3.452
3.38113
3.31352
3.26566
3.25051
3.27514
3.33941
3.43604
3.55185
3.67001
3.77277
3.84435
3.87333
3.85432
3.7886
3.68376
3.55241
3.41023
3.27377
3.15815
3.07528
3.0325
3.03206
3.07124
3.14306
3.23754
3.34308
3.44796
3.54165
3.6158
3.6649
3.68655
3.68129
3.65231
3.60475
3.54515
3.48066
3.41849
3.36539
3.32723
3.30882
3.31376
3.34438
3.40185
3.4862
3.59651
3.73099
3.88709
4.0617
4.25121
4.45164
4.65876
4.86818
5.07551
5.27637
5.46655
5.64207
5.79923
5.93467
6.04545
6.12902
6.18334
6.2068
6.19837
6.15755
6.08446
5.97993
5.84548
5.68348
5.49716
5.29066
5.06908
4.83847
4.60572
4.37849
4.16498
3.97367
3.81299
3.69087
3.61431
3.58886
3.61812
3.70328
3.84273
4.03181
4.2627
4.52455
#6
0.493945
0.451713
0.368779
0.260671
0.149354
0.0600461
0.0173894
0.0415287
0.14469
0.32879
0.58447
0.891731
1.22213
1.54226
1.818
2.01908
2.12309
2.11863
2.00695
1.80198
1.52864
1.21976
0.911949
0.641005
0.437478
0.322965
0.307608
0.389098
0.553268
0.776177
1.02735
1.27374
1.48386
1.6316
1.69919
1.67903
1.57416
1.39748
1.16966
0.916351
0.664858
0.440803
0.265213
0.152315
0.108306
0.13116
0.211443
0.333966
0.48001
0.629805
0.764952
0.870478
0.936311
0.958018
0.936796
0.878757
0.793664
0.693333
0.589917
0.49433
0.41498
0.356981
0.321876
0.307888
0.310602
0.323936
0.341249
0.356388
0.364548
0.362804
0.350293
0.328026
0.298418
0.264634
0.229884
0.196808
0.167055
0.141122
0.118479
0.0979361
0.078178
0.0583443
0.038543
0.0201812
0.00603747
4.3088e-05
0.00679116
0.0308424
0.0759336
0.144215
0.235645
0.347643
0.475084
0.610639
0.745441
0.870012
0.975312
1.0538
1.10036
1.11298
1.09306
1.04534
0.977423
0.898966
0.820541
0.752411
0.703276
0.679179
0.68269
0.712494
0.763437
0.82706
0.89257
0.948152
0.982474
0.986214
0.953406
0.882427
0.776485
0.643509
0.495441
0.346972
0.21389
0.111208
0.0513317
0.0424823
0.0876041
0.18389
0.323002
0.491963
0.674609
0.853408
1.01142
1.13416
1.21107
1.23655
1.2103
1.13702
1.02561
0.887829
0.736815
0.585477
0.445112
0.324334
0.228434
0.159231
0.115373
0.0930002
0.086665
0.0903317
0.0983301
0.106124
0.110812
0.111308
0.108222
0.103471
0.0997237
0.0997582
0.105862
0.119346
0.140256
0.167301
0.198017
0.229109
0.256931
0.278008
0.289538
0.28978
0.278294
0.25598
0.22494
0.188168
0.14913
0.111294
0.0776753
0.0504739
0.0308411
0.0188163
0.0134356
0.0129931
0.0154133
0.0186766
0.0212318
0.0223307
0.0222328
0.0222452
0.0245878
0.0321
0.0478284
0.0745528
0.114319
0.168044
0.235253
0.313984
0.400881
0.491458
0.580509
0.662605
0.732618
0.786212
0.820235
0.832981
0.82429
0.795482
0.749157
0.688873
0.618762
0.543129
0.466071
0.39117
0.321267
0.258353
0.203558
0.157228
0.119087
0.088427
0.0643174
0.0458023
0.0320565
0.0224899
0.0167918
0.0149151
0.0170085
0.0233118
0.0340312
0.0492142
0.0686422
0.0917576
0.117635
0.145002
0.172316
0.197875
0.219973
0.237061
0.24791
0.251752
0.248374
0.238163
0.222078
0.201567
0.178413
0.15455
0.131847
0.111905
0.0958839
0.084381
0.0773856
0.0743102
0.0740981
0.0753941
0.0767549
0.0768711
0.0747733
0.0699908
0.0626455
0.0534654
0.0437177
0.0350692
0.0293932
0.0285481
0.0341541
0.0473984
0.0688887
0.0985714
0.13572
0.178987
0.22651
0.276052
0.325157
0.371305
0.412061
0.44521
0.468892
0.481734
0.483
0.472745
0.451971
0.422745
0.388242
0.35267
0.321023
0.298655
0.290656
0.301113
0.332311
0.38403
0.453059
0.533088
0.615057
0.688022
0.740485
0.762061
0.74526
0.687114
0.59037
0.463976
0.322704
0.185831
0.0749989
0.0114582
0.0130695
0.0914821
0.249928
0.482004
0.771701
1.09474
1.42114
1.71862
1.95656
2.10977
2.16174
2.10676
1.9507
1.71028
1.41091
1.08352
0.760612
0.472314
0.242761
0.0874328
0.0116994
0.010757
0.0709102
0.171976
0.29044
0.402905
0.489359
0.535813
0.535994
0.491877
0.413049
0.315007
0.216677
0.137492
0.0944569
0.0995809
0.158039
0.267295
0.417302
0.591756
0.770229
0.930896
1.0535
1.12214
1.12749
1.06817
0.951028
0.790257
0.605535
0.419315
0.25372
0.127438
0.0530878
0.0354341
0.0707585
0.147489
0.248035
0.351583
0.437442
0.488456
#7
0.201387
0.166787
0.141478
0.127829
0.126807
0.137959
0.159561
0.188911
0.222707
0.25745
0.289835
0.317057
0.337028
0.348474
0.350928
0.344633
0.33039
0.309387
0.283029
0.252808
0.220212
0.18668
0.153603
0.122326
0.0941742
0.0704389
0.05235
0.0410053
0.0372732
0.0416776
0.0542859
0.0746216
0.101622
0.133655
0.168612
0.204056
0.23743
0.266299
0.28859
0.302811
0.308209
0.304857
0.293645
0.276179
0.254598
0.231324
0.20879
0.189158
0.174086
0.164548
0.160754
0.162154
0.167551
0.175271
0.183405
0.190055
0.193576
0.192764
0.186984
0.176216
0.16101
0.142386
0.12167
0.10031
0.0796937
0.0609932
0.0450522
0.0323298
0.0229007
0.0165034
0.0126254
0.0106072
0.00974986
0.009411
0.00907788
0.00841323
0.00727181
0.00569066
0.0038585
0.00207047
0.0006751
1.92152e-05
0.000395924
0.00199972
0.00489205
0.00898022
0.014012
0.0195875
0.0251892
0.0302301
0.0341155
0.036317
0.036449
0.0343421
0.0301017
0.0241446
0.0172027
0.0102901
0.00462854
0.00153475
0.00227522
0.00790219
0.0190874
0.0359754
0.0580782
0.0842336
0.112642
0.140991
0.166666
0.187025
0.199717
0.203009
0.196059
0.179116
0.153592
0.121995
0.0877086
0.0546407
0.0267789
0.00770429
0.000127819
0.00551512
0.0238536
0.0536002
0.0918235
0.134527
0.177113
0.214932
0.24384
0.2607
0.263747
0.252792
0.229216
0.19578
0.156261
0.114982
0.0762762
0.0439796
0.0209921
0.00897575
0.00821314
0.017642
0.0350528
0.0574184
0.0813103
0.103345
0.120604
0.130978
0.133388
0.127878
0.115545
0.0983575
0.078853
0.0597907
0.0437822
0.0329609
0.0287249
0.0315852
0.0411324
0.0561212
0.0746559
0.0944487
0.113114
0.128459
0.138738
0.142832
0.140351
0.13163
0.117649
0.0998743
0.080057
0.0600105
0.041401
0.0255727
0.013428
0.00537241
0.00132678
0.000798349
0.00299742
0.00698063
0.0118
0.0166379
0.0209104
0.0243284
0.0269094
0.0289423
0.030911
0.03339
0.0369264
0.0419268
0.0485632
0.056714
0.0659485
0.0755586
0.0846371
0.0921942
0.0972982
0.099224
0.0975899
0.0924623
0.0844124
0.0745126
0.0642669
0.0554778
0.0500622
0.049833
0.0562728
0.0703267
0.092241
0.121473
0.156686
0.195835
0.236341
0.275329
0.309911
0.337476
0.355949
0.363998
0.361147
0.347799
0.325156
0.295057
0.259755
0.221668
0.183129
0.146183
0.112438
0.0830005
0.058476
0.0390441
0.0245734
0.0147567
0.00923838
0.00771182
0.00997118
0.0159131
0.0254927
0.0386468
0.0552045
0.0748042
0.0968377
0.120433
0.144484
0.16772
0.188817
0.206515
0.219749
0.227753
0.23014
0.226939
0.218583
0.205865
0.189857
0.171802
0.153006
0.134731
0.118094
0.103999
0.0930883
0.0857174
0.0819575
0.0816149
0.0842654
0.0892969
0.0959583
0.103409
0.110769
0.117169
0.121796
0.123948
0.123072
0.11882
0.111083
0.100035
0.0861492
0.0702071
0.0532786
0.0366731
0.0218591
0.0103504
0.00356641
0.0026751
0.00843487
0.0210546
0.0400937
0.0644217
0.0922555
0.12128
0.148854
0.172274
0.189089
0.197408
0.196161
0.185287
0.165785
0.13964
0.109598
0.0788286
0.0505137
0.0274192
0.0115186
0.00372988
0.00380931
0.0104277
0.0214182
0.034159
0.0460275
0.0548478
0.0592537
0.0589013
0.0544927
0.0476042
0.0403511
0.0349494
0.0332579
0.0363847
0.0444367
0.0564594
0.0705825
0.084347
0.0951547
0.100758
0.0996987
0.0916159
0.0773593
0.0588894
0.0389746
0.0207395
0.00714029
0.000459101
0.00190572
0.0113958
0.0275456
0.047886
0.0692616
0.0883511
0.102223
0.108837
0.107411
0.0985958
0.084415
0.0680011
0.053143
0.043725
0.0431367
0.0537414
0.0764814
0.110679
0.154065
0.203023
0.253035
0.299242
0.337062
0.362775
0.373992
0.36995
0.351597
0.32146
0.283312
0.241701
#8
0.0297752
0.0244998
0.0236772
0.0265558
0.0317283
0.0375286
0.0424657
0.0455949
0.0467447
0.0465476
0.0462727
0.0474957
0.0516836
0.0597873
0.0719346
0.0872939
0.104145
0.120143
0.132733
0.139623
0.139228
0.130994
0.115538
0.0945792
0.0706674
0.0467784
0.0258359
0.0102614
0.00162505
0.000458479
0.00624998
0.0176116
0.0325743
0.0489465
0.0646676
0.0780925
0.0881647
0.0944613
0.0971202
0.0966805
0.0938817
0.0894706
0.0840522
0.0780133
0.0715205
0.0645829
0.057153
0.049234
0.0409639
0.0326551
0.0247796
0.0179038
0.0125899
0.00928616
0.00823064
0.00939043
0.0124482
0.0168398
0.021835
0.0266462
0.0305447
0.0329642
0.033575
0.0323178
0.0293938
0.0252174
0.0203408
0.0153665
0.010861
0.00728497
0.00494725
0.00398689
0.00438196
0.00597879
0.00853319
0.0117542
0.0153424
0.0190166
0.0225283
0.0256641
0.0282407
0.0300995
0.0311042
0.0311464
0.0301613
0.0281484
0.0251945
0.0214918
0.0173419
0.0131428
0.00935497
0.00644826
0.0048371
0.00481253
0.00648388
0.00974146
0.0142498
0.0194759
0.0247518
0.0293636
0.0326552
0.0341298
0.0335335
0.0309061
0.0265883
0.0211838
0.015479
0.0103318
0.00654553
0.00474737
0.00528935
0.00818772
0.0131103
0.0194149
0.0262337
0.0325929
0.037551
0.0403362
0.0404653
0.0378255
0.0327092
0.0257936
0.0180678
0.0107146
0.00496028
0.00191143
0.00240022
0.00685828
0.0152382
0.0269953
0.0411363
0.0563296
0.071067
0.0838551
0.0934104
0.0988306
0.0997151
0.0962174
0.089017
0.0792166
0.0681768
0.0573156
0.0479022
0.0408788
0.0367382
0.0354759
0.0366227
0.0393509
0.0426329
0.0454248
0.0468425
0.0463005
0.0435914
0.0388968
0.0327294
0.0258238
0.0189961
0.013001
0.00841167
0.00554181
0.00442015
0.00481767
0.00631669
0.00840506
0.0105748
0.0124061
0.0136229
0.0141124
0.0139097
0.0131573
0.0120497
0.0107797
0.00949714
0.00828845
0.00717823
0.00614965
0.00517465
0.00424409
0.00338813
0.00268074
0.00222656
0.0021336
0.00247923
0.00327882
0.00446626
0.00589266
0.00734519
0.00858307
0.00938334
0.00958641
0.00913111
0.00807102
0.00656803
0.00486397
0.00323617
0.00194604
0.00119144
0.00107241
0.0015768
0.00258792
0.00391163
0.00531639
0.00657756
0.00751705
0.00803114
0.00810253
0.00779615
0.0072418
0.00660869
0.00607758
0.00581573
0.00595761
0.00659261
0.00775873
0.00944049
0.0115692
0.0140245
0.0166381
0.0192009
0.0214761
0.0232196
0.0242085
0.024275
0.023341
0.0214479
0.0187739
0.0156333
0.0124548
0.00973864
0.00799727
0.00768804
0.00914724
0.0125366
0.0178112
0.0247147
0.0328022
0.0414892
0.050117
0.0580269
0.0646308
0.0694698
0.0722528
0.0728727
0.0714001
0.0680585
0.0631863
0.0571931
0.0505164
0.0435832
0.0367798
0.0304307
0.0247857
0.0200145
0.0162077
0.0133833
0.0114998
0.0104766
0.0102216
0.0106658
0.0118007
0.0137128
0.0166074
0.0208111
0.0267451
0.0348654
0.0455698
0.0590815
0.0753272
0.0938303
0.113649
0.133381
0.151253
0.165297
0.173604
0.174626
0.167474
0.152183
0.129856
0.102682
0.0737784
0.0468739
0.0258523
0.0142236
0.0145922
0.0282069
0.0546715
0.0918733
0.136157
0.182735
0.226283
0.261648
0.284555
0.292219
0.283764
0.260371
0.225139
0.182674
0.138447
0.0980298
0.0663199
0.046856
0.0413414
0.0494371
0.0688569
0.0957475
0.125296
0.15247
0.172777
0.182926
0.181304
0.168173
0.14559
0.117039
0.0868612
0.0595458
0.0390224
0.0280441
0.027769
0.0376003
0.055309
0.0774189
0.0997884
0.118296
0.12952
0.131294
0.123059
0.105947
0.0825808
0.0566314
0.0321956
0.0131072
0.00229184
0.00127677
0.00993812
0.0265305
0.0479935
0.0704829
0.0900357
0.103251
0.107872
0.10316
0.0900062
0.0707468
0.0487345
0.0277292
0.0112292
0.00185964
0.00093114
0.00824555
0.0221798
0.0400268
0.0585238
0.0744638
0.0852731
0.089445
0.0867534
0.0782122
0.0657989
0.0520084
0.0393326
#9
0.0598536
0.0872352
0.114587
0.138697
0.156715
0.166511
0.166948
0.158013
0.140812
0.117411
0.0905543
0.0632955
0.0385927
0.0189207
0.00595663
0.000383097
0.0018355
0.00900373
0.0198729
0.0320687
0.0432541
0.0515185
0.0556949
0.0555541
0.0518414
0.0461464
0.0406226
0.0376007
0.0391574
0.046712
0.0607193
0.080516
0.10435
0.129594
0.15312
0.171764
0.182827
0.184516
0.176261
0.15886
0.134415
0.106082
0.0776599
0.0530822
0.0358901
0.0287568
0.0331322
0.0490532
0.0751414
0.108782
0.146454
0.184163
0.217916
0.244177
0.260255
0.26457
0.256781
0.237779
0.209528
0.174811
0.1369
0.0991863
0.0648247
0.0364232
0.015803
0.00385682
0.000512436
0.0048
0.0150134
0.0289447
0.044164
0.0583133
0.0693806
0.0759225
0.077209
0.0732746
0.0648676
0.0533071
0.0402658
0.0275104
0.016637
0.00884017
0.00475244
0.00437741
0.00712755
0.0119591
0.01758
0.022694
0.0262359
0.0275559
0.0265181
0.0234949
0.0192609
0.0148062
0.011109
0.00891545
0.00857221
0.00995
0.0124762
0.0152724
0.0173701
0.0179604
0.0166233
0.0134845
0.00926138
0.0051788
0.00276368
0.0035516
0.0087591
0.0189852
0.0340043
0.0526971
0.0731457
0.0928851
0.10928
0.119962
0.123269
0.118586
0.106552
0.089075
0.069138
0.0504336
0.0368615
0.0319675
0.0384064
0.0575094
0.0890233
0.131064
0.180293
0.232305
0.282156
0.324981
0.356601
0.374038
0.375873
0.362398
0.335532
0.29854
0.255575
0.211121
0.169422
0.133964
0.107091
0.0898011
0.0817407
0.0813945
0.0864306
0.0941429
0.10192
0.107669
0.110122
0.109
0.104987
0.0995545
0.0946413
0.0922672
0.0941305
0.101264
0.1138
0.130893
0.150798
0.171105
0.189091
0.202129
0.208095
0.205715
0.19478
0.176224
0.152019
0.124934
0.0981664
0.0749171
0.0579594
0.0492686
0.049761
0.0591773
0.0761231
0.0982597
0.122613
0.145958
0.165229
0.177889
0.182236
0.177581
0.164303
0.143774
0.118164
0.0901619
0.0626426
0.038334
0.0195074
0.00773601
0.0037412
0.00734052
0.0174996
0.0324785
0.0500536
0.0677897
0.0833301
0.0946738
0.100408
0.0998678
0.0932097
0.0813818
0.0660017
0.049151
0.0331147
0.0200961
0.0119468
0.00994484
0.0146517
0.0258672
0.0426857
0.0636442
0.0869381
0.11067
0.133095
0.152821
0.168939
0.181067
0.189306
0.194119
0.196161
0.196105
0.194483
0.191575
0.187379
0.181644
0.17397
0.163947
0.151305
0.136035
0.118466
0.0992736
0.0794174
0.0600231
0.0422273
0.0270153
0.0150825
0.00674421
0.00190905
0.000119018
0.000646577
0.00262882
0.00521287
0.0076862
0.00956985
0.0106612
0.0110233
0.0109286
0.0107714
0.0109713
0.0118844
0.01374
0.0166117
0.020422
0.0249763
0.0300121
0.0352525
0.0404497
0.045412
0.0500105
0.0541699
0.0578495
0.0610241
0.0636737
0.0657854
0.0673702
0.0684881
0.0692752
0.0699603
0.0708639
0.0723716
0.0748824
0.0787373
0.0841376
0.09107
0.099252
0.108113
0.116822
0.124359
0.129631
0.131616
0.129519
0.122912
0.111842
0.0968884
0.0791468
0.0601527
0.0417335
0.0258142
0.0141954
0.00833067
0.00913356
0.0168399
0.0309459
0.0502331
0.0728814
0.0966582
0.119162
0.138093
0.151511
0.158059
0.157108
0.148826
0.134137
0.114605
0.0922323
0.0692234
0.0477294
0.0296163
0.0162793
0.00852844
0.00655151
0.00995489
0.0178686
0.0290961
0.0422832
0.056083
0.0692929
0.0809515
0.0903865
0.0972152
0.101307
0.102721
0.101633
0.0982694
0.0928641
0.085635
0.0767941
0.0665805
0.0553074
0.0434112
0.031487
0.020297
0.0107431
0.00379796
0.000398975
0.00131641
0.00701278
0.0175171
0.0323375
0.0504349
0.0702706
0.0899344
0.107344
0.120494
0.127727
0.127982
0.120984
0.107349
0.0885597
0.0668348
0.0448768
0.0255442
0.0114834
0.00477262
0.00662838
0.017218
0.0356071
#10
1.28807
1.2255
1.1289
1.00862
0.877798
0.750638
0.64042
0.557522
0.507821
0.491751
0.504213
0.535388
0.572355
0.601277
0.609789
0.589215
0.536213
0.45357
0.349991
0.23889
0.136365
0.0586847
0.0196818
0.0284768
0.0879088
0.19392
0.335997
0.498593
0.6633
0.811435
0.926618
0.996969
1.01659
0.986107
0.912316
0.806868
0.684384
0.560218
0.448248
0.359018
0.298488
0.267543
0.262289
0.275059
0.29592
0.314465
0.321583
0.31097
0.280167
0.231
0.169371
0.104448
0.0473827
0.00972933
0.00177638
0.031009
0.100898
0.210167
0.352642
0.517696
0.691267
0.857327
0.999656
1.1037
1.15833
1.15724
1.09986
0.991616
0.843455
0.670726
0.491455
0.324245
0.186028
0.0899701
0.0437936
0.0487773
0.0995885
0.18501
0.2895
0.395388
0.485427
0.545332
0.565933
0.544603
0.485725
0.400089
0.303283
0.213294
0.14768
0.120735
0.141107
0.210247
0.321956
0.463126
0.615575
0.758704
0.872555
0.940811
0.953249
0.907275
0.808299
0.668907
0.506963
0.342961
0.197039
0.0861243
0.0216312
0.00805219
0.0426115
0.115994
0.213995
0.319792
0.416488
0.489516
0.528575
0.528844
0.491335
0.422399
0.332515
0.234583
0.141998
0.0667922
0.018095
0.00110084
0.0166356
0.061332
0.128336
0.208404
0.29121
0.366676
0.426163
0.463377
0.474916
0.460433
0.422431
0.365758
0.296895
0.223143
0.15181
0.0894771
0.0414353
0.0113014
0.000847315
0.0100228
0.0371422
0.0791935
0.132221
0.191739
0.253123
0.311968
0.36437
0.407134
0.437903
0.455215
0.458503
0.448038
0.424847
0.390603
0.347501
0.298123
0.245302
0.191969
0.141009
0.0951053
0.0565872
0.0272889
0.0084246
0.000494221
0.00323314
0.0156158
0.0359218
0.0618676
0.0907974
0.119922
0.146584
0.168523
0.184104
0.192497
0.193753
0.18879
0.179264
0.167346
0.155429
0.145794
0.140292
0.140084
0.145465
0.155828
0.169751
0.185211
0.19989
0.211536
0.218308
0.219067
0.213555
0.20244
0.18721
0.169947
0.152997
0.138614
0.128611
0.124096
0.125318
0.131654
0.141728
0.153652
0.165324
0.174747
0.180317
0.181015
0.176506
0.167114
0.153694
0.137437
0.119646
0.101526
0.084026
0.0677681
0.0530508
0.0399368
0.0283886
0.018419
0.0102218
0.0042466
0.00120083
0.00197115
0.00747662
0.0184785
0.0353816
0.058065
0.0857767
0.117115
0.150108
0.182384
0.211413
0.234785
0.250484
0.257128
0.254132
0.241779
0.221184
0.194168
0.163052
0.130398
0.0987345
0.0702971
0.0468116
0.0293426
0.0182234
0.0130737
0.0129041
0.016302
0.021685
0.0276016
0.0330511
0.0377884
0.0425685
0.0492853
0.0609573
0.0815232
0.115432
0.167035
0.239838
0.335684
0.454002
0.591251
0.740694
0.89262
1.03506
1.155
1.23994
1.27966
1.26797
1.20402
1.09314
0.946802
0.781674
0.617895
0.476618
0.377213
0.3345
0.356438
0.442663
0.584132
0.764016
0.959758
1.14603
1.29821
1.39581
1.42541
1.38257
1.27248
1.10914
0.913334
0.709543
0.522412
0.373244
0.277099
0.240941
0.263085
0.334018
0.438402
0.55789
0.674279
0.772439
0.842542
0.881246
0.891658
0.88216
0.864325
0.850359
0.85053
0.871072
0.912906
0.971413
1.03726
1.09811
1.14086
1.15403
1.12987
1.06573
0.964639
0.83485
0.688528
0.539856
0.402854
0.289315
0.207186
0.159636
0.144933
0.157085
0.187101
0.22461
0.259549
0.283645
0.291457
0.280876
0.253037
0.211755
0.162629
0.112018
0.0660913
0.0301071
0.00801535
0.00238936
0.0146269
0.0453008
0.0945173
0.16215
0.247861
0.350887
0.469637
0.601211
0.740995
0.882481
1.01745
1.13654
1.23024
1.29015
1.31024
#11
0.542002
0.541955
0.541908
0.541862
0.541815
0.541769
0.541722
0.541676
0.54163
0.541583
0.541537
0.541491
0.541446
0.5414
0.541355
0.541309
0.541264
0.54122
0.541175
0.541131
0.541087
0.541043
0.540999
0.540956
0.540913
0.540871
0.540829
0.540787
0.540745
0.540704
0.540664
0.540623
0.540583
0.540544
0.540505
0.540467
0.540429
0.540391
0.540354
0.540318
0.540282
0.540246
0.540211
0.540177
0.540143
0.54011
0.540077
0.540045
0.540014
0.539983
0.539953
0.539923
0.539894
0.539866
0.539839
0.539812
0.539785
0.53976
0.539735
0.539711
0.539688
0.539665
0.539643
0.539622
0.539602
0.539582
0.539563
0.539545
0.539528
0.539511
0.539495
0.53948
0.539466
0.539453
0.53944
0.539429
0.539418
0.539407
0.539398
0.53939
0.539382
0.539375
0.539369
0.539364
0.53936
0.539356
0.539353
0.539352
0.539351
0.53935
0.539351
0.539353
0.539355
0.539358
0.539362
0.539367
0.539373
0.539379
0.539387
0.539395
0.539404
0.539414
0.539424
0.539436
0.539448
0.539461
0.539475
0.53949
0.539505
0.539521
0.539539
0.539556
0.539575
0.539594
0.539614
0.539635
0.539657
0.539679
0.539702
0.539726
0.539751
0.539776
0.539802
0.539828
0.539856
0.539884
0.539912
0.539942
0.539972
0.540002
0.540033
0.540065
0.540097
0.54013
0.540164
0.540198
0.540233
0.540268
0.540304
0.54034
0.540377
0.540415
0.540452
0.540491
0.540529
0.540569
0.540608
0.540649
0.540689
0.54073
0.540771
0.540813
0.540855
0.540897
0.54094
0.540983
0.541027
0.54107
0.541114
0.541159
0.541203
0.541248
0.541293
0.541338
0.541383
0.541429
0.541474
0.54152
0.541566
0.541612
0.541659
0.541705
0.541751
0.541798
0.541845
0.541891
0.541938
0.541984
0.542031
0.542078
0.542124
0.542171
0.542217
0.542264
0.54231
0.542356
0.542402
0.542448
0.542494
0.54254
0.542585
0.542631
0.542676
0.542721
0.542765
0.54281
0.542854
0.542898
0.542942
0.542985
0.543028
0.543071
0.543113
0.543155
0.543197
0.543238
0.543279
0.54332
0.54336
0.5434
0.543439
0.543478
0.543517
0.543555
0.543592
0.543629
0.543666
0.543702
0.543738
0.543773
0.543807
0.543841
0.543875
0.543908
0.54394
0.543972
0.544003
0.544033
0.544063
0.544093
0.544121
0.544149
0.544177
0.544204
0.54423
0.544255
0.54428
0.544304
0.544328
0.54435
0.544373
0.544394
0.544415
0.544435
0.544454
0.544472
0.54449
0.544507
0.544524
0.544539
0.544554
0.544568
0.544581
0.544594
0.544606
0.544617
0.544627
0.544637
0.544645
0.544653
0.544661
0.544667
0.544673
0.544677
0.544682
0.544685
0.544687
0.544689
0.54469
0.54469
0.544689
0.544688
0.544686
0.544683
0.544679
0.544674
0.544669
0.544663
0.544656
0.544648
0.54464
0.544631
0.544621
0.54461
0.544598
0.544586
0.544573
0.544559
0.544545
0.544529
0.544513
0.544496
0.544479
0.544461
0.544442
0.544422
0.544402
0.54438
0.544359
0.544336
0.544313
0.544289
0.544264
0.544239
0.544213
0.544187
0.544159
0.544132
0.544103
0.544074
0.544044
0.544014
0.543983
0.543952
0.543919
0.543887
0.543854
0.54382
0.543785
0.543751
0.543715
0.543679
0.543643
0.543606
0.543569
0.543531
0.543492
0.543454
0.543414
0.543375
0.543335
0.543294
0.543254
0.543212
0.543171
0.543129
0.543086
0.543044
0.543001
0.542958
0.542914
0.54287
0.542826
0.542782
0.542737
0.542692
0.542647
0.542602
0.542557
0.542511
0.542465
0.542419
0.542373
0.542327
0.542281
0.542234
0.542188
0.542141
0.542095
0.542048
