#1
382.379
430.504
491.128
563.096
644.724
733.852
827.915
924.049
1019.2
1110.26
1194.19
1268.18
1329.76
1376.95
1408.32
1423.12
1421.31
1403.58
1371.36
1326.75
1272.47
1211.74
1148.16
1085.51
1027.66
978.3
940.853
918.245
912.78
926.014
958.657
1010.51
1080.47
1166.51
1265.78
1374.72
1489.17
1604.54
1716.03
1818.83
1908.32
1980.27
2031.06
2057.81
2058.55
2032.29
1979.08
1900.04
1797.27
1673.82
1533.52
1380.83
1220.68
1058.22
898.619
746.854
607.498
484.535
381.205
299.882
241.994
207.983
197.316
208.533
239.339
286.724
347.121
416.573
490.923
565.997
637.785
702.61
757.273
799.169
826.38
837.722
832.767
811.828
775.906
726.616
666.089
596.85
521.693
443.542
365.32
289.823
219.604
156.88
103.448
60.6368
29.273
9.67242
1.65545
4.58167
17.4021
38.7258
66.8969
100.078
136.337
173.73
210.386
244.573
274.767
299.697
318.385
330.167
334.707
331.985
322.286
306.173
284.446
258.106
228.298
196.267
163.305
130.699
99.6855
71.4069
46.8772
26.9509
12.301
3.40502
0.537678
3.77179
12.9856
27.8764
47.9791
72.6892
101.289
132.974
166.886
202.134
237.831
273.111
307.159
339.224
368.641
394.84
417.356
435.833
450.024
459.792
465.101
466.014
462.677
455.314
444.214
429.717
412.204
392.086
369.79
345.753
320.412
294.196
267.519
240.778
214.344
188.563
163.752
140.199
118.161
97.8596
79.4879
63.2043
49.1341
37.3697
27.9697
20.9595
16.3311
14.0438
14.025
16.1714
20.3507
26.4044
34.1505
43.3872
53.8969
65.4513
77.816
90.756
104.041
117.45
130.779
143.839
156.467
168.524
179.9
190.511
200.303
209.248
217.342
224.604
231.069
236.787
241.816
246.219
250.06
253.397
256.281
258.755
260.846
262.572
263.935
264.925
265.524
265.703
265.429
264.669
263.39
261.563
259.17
256.203
252.664
248.574
243.964
238.882
233.386
227.548
221.446
215.163
208.785
202.397
196.078
189.901
183.929
178.215
172.799
167.714
162.979
158.608
154.608
150.984
147.743
144.894
142.457
140.456
138.932
137.933
137.522
137.77
138.756
140.564
143.273
146.958
151.68
157.482
164.381
172.362
181.377
191.338
202.118
213.548
225.42
237.492
249.49
261.118
272.063
282.01
290.644
297.671
302.818
305.853
306.586
304.882
300.667
293.93
284.728
273.186
259.497
243.912
226.746
208.357
189.15
169.559
150.039
131.055
113.073
96.5419
81.892
69.5183
59.774
52.9626
49.3303
49.0616
52.2747
59.0193
69.2751
82.9526
99.8941
119.877
142.618
167.776
194.962
223.741
253.645
284.174
314.811
345.027
374.289
402.072
427.865
451.182
471.567
488.607
501.937
511.248
516.295
516.903
512.975
504.496
491.54
474.269
452.945
427.923
399.653
368.681
335.639
301.243
266.279
231.59
198.061
166.597
138.101
113.448
93.4591
78.8684
70.2969
68.2225
72.9535
84.6056
103.084
128.07
159.019
195.162
235.523
278.935
324.081
369.531
413.794
455.373
492.827
524.834
550.255
568.191
578.037
579.525
572.753
558.206
536.752
509.625
478.393
444.906
411.227
379.55
352.114
331.099
318.527
316.169
325.444
347.347
#2
382.407
471.257
564.543
658.861
750.67
836.446
912.834
976.799
1025.76
1057.71
1071.33
1066.03
1042.04
1000.36
942.796
871.841
790.633
702.818
612.412
523.643
440.789
367.995
309.112
267.532
246.046
246.723
270.815
318.699
389.841
482.814
595.33
724.323
866.056
1016.25
1170.24
1323.16
1470.08
1606.24
1727.18
1828.94
1908.16
1962.23
1989.37
1988.68
1960.19
1904.81
1824.32
1721.27
1598.88
1460.92
1311.55
1155.17
996.264
839.211
688.151
546.831
418.49
305.757
210.575
134.165
77.0076
38.8629
18.8143
15.3394
26.4014
49.5585
82.0843
121.094
163.673
207
248.456
285.729
316.891
340.458
355.431
361.31
358.083
346.204
326.541
300.313
269.016
234.338
198.068
162.011
127.9
97.3205
71.6395
51.9552
39.0548
33.3913
35.0756
43.884
59.2806
80.4525
106.355
135.767
167.347
199.7
231.433
261.219
287.846
310.267
327.634
339.326
344.965
344.424
337.819
325.495
308.005
286.077
260.582
232.49
202.83
172.651
142.977
114.774
88.9155
66.156
47.1078
32.2277
21.8082
15.9759
14.6964
17.7836
24.9156
35.6525
49.4587
65.7264
83.7998
103
122.647
142.086
160.699
177.929
193.289
206.375
216.869
224.548
229.279
231.018
229.807
225.765
219.079
209.998
198.815
185.863
171.5
156.099
140.037
123.689
107.413
91.5508
76.4137
62.2832
49.4049
37.9859
28.1935
20.1548
13.9565
9.64668
7.23655
6.70279
7.99076
11.0178
15.677
21.841
29.3658
38.095
47.8633
58.5004
69.8342
81.694
93.9133
106.332
118.799
131.174
143.325
155.136
166.501
177.327
187.534
197.055
205.832
213.819
220.982
227.293
232.734
237.297
240.977
243.78
245.716
246.801
247.058
246.514
245.203
243.162
240.434
237.067
233.114
228.629
223.673
218.308
212.598
206.61
200.411
194.067
187.647
181.214
174.832
168.561
162.457
156.572
150.955
145.648
140.69
136.114
131.947
128.213
124.932
122.117
119.78
117.929
116.57
115.708
115.343
115.479
116.114
117.251
118.888
121.026
123.663
126.799
130.428
134.547
139.146
144.212
149.728
155.67
162.006
168.699
175.698
182.947
190.377
197.909
205.454
212.912
220.175
227.125
233.641
239.593
244.852
249.287
252.774
255.191
256.429
256.39
254.994
252.179
247.908
242.167
234.969
226.358
216.406
205.219
192.929
179.703
165.731
151.235
136.455
121.656
107.116
93.127
79.9869
67.9968
57.4546
48.6497
41.8577
37.3349
35.3128
35.9931
39.5425
46.0878
55.7123
68.451
84.2882
103.154
124.922
149.409
176.374
205.517
236.485
268.869
302.21
336.006
369.714
402.762
434.554
464.481
491.937
516.325
537.073
553.653
565.59
572.481
574.011
569.966
560.248
544.89
524.063
498.084
467.422
432.697
394.674
354.257
312.467
270.426
229.331
190.416
154.92
124.046
98.9154
80.5242
69.7001
67.0597
72.9717
87.526
110.512
141.407
179.374
223.277
271.708
323.023
375.397
426.888
475.511
519.314
556.466
585.34
604.592
613.229
610.679
596.824
572.039
537.188
493.615
443.107
387.83
330.253
273.053
219.004
170.855
131.215
102.426
86.4516
84.7793
98.3346
127.423
171.696
230.145
301.125
#3
195.298
225.997
259.694
295.306
331.566
367.077
400.368
429.967
454.47
472.62
483.379
486
480.083
465.627
443.055
413.233
377.457
337.428
295.199
253.106
213.682
179.552
153.32
137.452
134.157
145.27
172.151
215.597
275.775
352.178
443.615
548.22
663.5
786.408
913.444
1040.78
1164.38
1280.2
1384.31
1473.06
1543.22
1592.16
1617.93
1619.33
1596.03
1548.53
1478.2
1387.2
1278.44
1155.43
1022.15
882.949
742.31
604.716
474.466
355.515
251.322
164.724
97.8402
51.9968
27.6958
24.611
41.621
76.8725
127.873
191.608
264.672
343.421
424.122
503.105
576.909
642.415
696.956
738.414
765.278
776.691
772.455
753.015
719.417
673.242
616.521
551.636
481.205
407.973
334.692
264.009
198.367
139.909
90.4109
51.2201
23.2216
6.8214
1.95042
8.08731
24.2984
49.2927
81.4881
119.087
160.158
202.716
244.806
284.577
320.353
350.69
374.425
390.708
399.023
399.196
391.385
376.061
353.978
326.128
293.695
258.004
220.456
182.48
145.471
110.739
79.4659
52.6616
31.1371
15.4806
6.04576
2.94868
6.0742
15.0902
29.4697
48.5182
71.4068
97.2075
124.931
153.563
182.101
209.591
235.15
258.001
277.484
293.079
304.412
311.256
313.534
311.311
304.783
294.263
280.163
262.978
243.264
221.615
198.648
174.98
151.211
127.908
105.592
84.7266
65.7086
48.8629
34.439
22.6103
13.4752
7.06068
3.32748
2.17662
3.45709
6.97425
12.4987
19.7755
28.5327
38.4902
49.3677
60.8914
72.8009
84.8543
96.8322
108.541
119.815
130.518
140.543
149.812
158.272
165.899
172.69
178.662
183.852
188.309
192.094
195.278
197.935
200.145
201.989
203.544
204.887
206.091
207.22
208.336
209.489
210.725
212.078
213.577
215.239
217.072
219.079
221.25
223.57
226.015
228.554
231.152
233.766
236.35
238.855
241.23
243.423
245.383
247.061
248.409
249.386
249.955
250.086
249.754
248.943
247.645
245.86
243.598
240.873
237.712
234.144
230.208
225.947
221.409
216.645
211.707
206.652
201.531
196.399
191.303
186.291
181.404
176.675
172.134
167.801
163.689
159.802
156.137
152.68
149.409
146.296
143.303
140.386
137.498
134.583
131.588
128.454
125.127
121.554
117.687
113.486
108.92
103.967
98.6195
92.8818
86.7734
80.3285
73.5959
66.6388
59.5339
52.3697
45.245
38.2665
31.5465
25.2
19.3418
14.0839
9.53252
5.78527
2.9288
1.03657
0.16695
0.361741
1.64509
4.0228
7.48207
11.9916
17.5021
23.9471
31.2442
39.2962
47.993
57.2132
66.8262
76.6942
86.6743
96.6209
106.388
115.83
124.806
133.182
140.831
147.634
153.488
158.299
161.991
164.501
165.784
165.815
164.583
162.099
158.39
153.503
147.503
140.472
132.51
123.735
114.28
104.293
93.9366
83.3881
72.8352
62.4762
52.5172
43.1693
34.6455
27.1562
20.9048
16.0819
12.8594
11.3837
11.7687
14.089
18.373
24.597
32.6798
42.48
53.7937
66.3563
79.8457
93.8892
108.073
121.957
135.086
147.015
157.321
165.632
171.644
175.139
176.01
174.271
170.066
163.678
155.526
146.153
136.218
126.463
117.694
110.738
106.408
105.456
108.536
116.157
128.648
146.125
168.466
#4
277.223
352.85
437.773
529.036
623.238
716.667
805.465
885.802
954.063
1007.03
1042.06
1057.23
1051.48
1024.67
977.673
912.354
831.525
738.858
638.75
536.143
436.324
344.682
266.478
206.587
169.274
157.974
175.121
222.002
298.674
403.929
535.319
689.232
861.024
1045.2
1235.65
1425.84
1609.18
1779.18
1929.82
2055.72
2152.39
2216.44
2245.63
2239.04
2197.03
2121.23
2014.45
1880.57
1724.33
1551.15
1366.88
1177.58
989.255
807.64
637.971
484.803
351.863
241.933
156.784
97.1534
62.767
52.398
63.9673
94.6725
141.14
199.595
266.036
336.415
406.801
473.542
533.393
583.629
622.125
647.409
658.681
655.807
639.281
610.165
570.01
520.757
464.635
404.045
341.45
279.269
219.772
165
116.691
76.2244
44.5857
22.3501
9.68214
6.35337
11.7752
25.0441
44.997
70.2738
99.3835
130.773
162.89
194.25
223.485
249.395
270.984
287.487
298.383
303.407
302.537
295.987
284.179
267.717
247.35
223.938
198.409
171.722
144.826
118.626
93.9533
71.5372
51.9847
35.7658
23.2048
14.4781
9.61686
8.51548
10.9444
16.5663
24.9554
35.6187
48.0172
61.5885
75.7675
90.0063
103.791
116.659
128.206
138.101
146.086
151.985
155.698
157.2
156.536
153.815
149.198
142.892
135.134
126.189
116.331
105.839
94.9849
84.0281
73.2072
62.7355
52.7973
43.5454
35.1
27.5493
20.9502
15.331
10.694
7.01916
4.26777
2.38647
1.31121
0.970977
1.29132
2.19748
3.61709
5.4823
7.73157
10.3108
13.174
16.284
19.6118
23.1366
26.8453
30.7314
34.794
39.0372
43.4685
48.0978
52.9364
57.9958
63.2864
68.8168
74.5925
80.6152
86.8818
93.3841
100.108
107.032
114.129
121.366
128.702
136.09
143.479
150.81
158.023
165.053
171.833
178.298
184.381
190.017
195.147
199.713
203.665
206.959
209.56
211.439
212.579
212.97
212.611
211.514
209.697
207.188
204.023
200.247
195.91
191.069
185.784
180.121
174.145
167.925
161.528
155.021
148.467
141.927
135.458
129.112
122.936
116.971
111.253
105.812
100.674
95.8581
91.3809
87.2532
83.4825
80.073
77.0255
74.3381
72.0063
70.0226
68.3765
67.0549
66.0406
65.3132
64.8477
64.6149
64.5806
64.706
64.9474
65.2565
65.5812
65.8661
66.054
66.0865
65.9065
65.4593
64.6946
63.5687
62.0465
60.1031
57.7256
54.9151
51.6873
48.0739
44.1227
39.8977
35.479
30.9616
26.4539
22.0767
17.9602
14.2421
11.0649
8.57258
6.90801
6.20955
6.60805
8.22373
11.1633
15.5169
21.3558
28.7298
37.6651
48.1624
60.1952
73.7085
88.6178
104.809
122.136
140.423
159.466
179.029
198.85
218.644
238.1
256.891
274.676
291.105
305.827
318.495
328.778
336.366
340.982
342.394
340.42
334.945
325.927
313.408
297.52
278.494
256.661
232.453
206.405
179.142
151.377
123.89
97.5167
73.1204
51.5711
33.7157
20.3466
12.1708
9.77693
13.6047
23.9164
40.7721
64.0112
93.2402
127.829
166.915
209.423
254.083
299.474
344.066
386.275
424.523
457.308
483.268
501.254
510.391
510.138
500.331
481.223
453.496
418.262
377.042
331.724
284.504
237.801
194.163
156.158
126.254
106.698
99.3991
105.814
126.853
162.806
213.288
#5
266.849
332.3
402.744
475.855
549.073
619.705
685.038
742.457
789.573
824.333
845.136
850.926
841.266
816.387
777.213
725.348
663.043
593.116
518.858
443.903
372.085
307.27
253.192
213.28
190.494
187.181
204.947
244.564
305.908
387.933
488.694
605.4
734.507
871.856
1012.83
1152.53
1285.98
1408.33
1515.07
1602.18
1666.34
1705.04
1716.72
1700.79
1657.67
1588.8
1496.52
1384.03
1255.2
1114.44
966.485
816.242
668.547
527.992
398.745
284.389
187.794
111.026
55.2865
20.8974
7.31797
13.2036
36.4949
74.5353
124.21
182.099
244.64
308.284
369.655
425.68
473.714
511.633
537.895
551.584
552.411
540.698
517.324
483.658
441.469
392.824
339.976
285.251
230.943
179.204
131.959
90.8321
57.0877
31.5953
14.8128
6.78973
7.18893
15.3243
30.2121
50.6327
75.1984
102.425
130.805
158.872
185.263
208.776
228.405
243.376
253.164
257.502
256.372
249.993
238.797
223.394
204.541
183.099
159.988
136.154
112.522
89.967
69.2799
51.1438
36.1148
24.6097
16.8993
13.1087
13.2216
17.0908
24.4516
34.9384
48.1044
63.4411
80.3992
98.4089
116.899
135.315
153.135
169.881
185.133
198.534
209.798
218.712
225.135
229.001
230.31
229.129
225.581
219.839
212.119
202.672
191.774
179.716
166.799
153.325
139.587
125.866
112.423
99.495
87.2897
75.9835
65.7195
56.6058
48.7158
42.0888
36.7318
32.6217
29.7085
27.9187
27.1595
27.323
28.2907
29.9378
32.1373
34.7645
37.7
40.8333
44.0649
47.3084
50.4915
53.557
56.4621
59.1783
61.6896
63.9916
66.0889
67.9937
69.7231
71.2975
72.7381
74.0658
75.2997
76.4557
77.5466
78.5813
79.5652
80.5006
81.3877
82.2247
83.0096
83.7405
84.4169
85.04
85.6137
86.1443
86.6409
87.1149
87.5797
88.0498
88.5403
89.0653
89.6379
90.2685
90.9644
91.7289
92.5614
93.4567
94.4054
95.3939
96.4052
97.4197
98.4158
99.3709
100.263
101.07
101.773
102.356
102.806
103.113
103.274
103.289
103.162
102.902
102.522
102.039
101.472
100.845
100.181
99.5081
98.8533
98.2449
97.7114
97.2807
96.9799
96.8343
96.867
97.098
97.5433
98.2141
99.1158
100.247
101.599
103.153
104.883
106.752
108.713
110.709
112.674
114.533
116.203
117.597
118.623
119.19
119.207
118.59
117.265
115.167
112.249
108.481
103.856
98.3889
92.1223
85.1243
77.4906
69.3438
60.8324
52.1284
43.4251
34.9331
26.8764
19.487
13.0001
7.64813
3.65466
1.22842
0.557311
1.80255
5.0933
10.5218
18.1391
27.9518
39.9193
53.9526
69.9135
87.6156
106.826
127.269
148.629
170.555
192.671
214.577
235.863
256.11
274.908
291.859
306.586
318.747
328.04
334.215
337.077
336.499
332.423
324.868
313.932
299.793
282.713
263.029
241.155
217.574
192.83
167.517
142.269
117.744
94.608
73.5202
55.1124
39.9712
28.6185
21.4928
18.9315
21.1545
28.2503
40.1654
56.6965
77.4882
102.034
129.685
159.661
191.068
222.926
254.193
283.801
310.695
333.869
352.409
365.535
372.639
373.319
367.411
355.011
336.489
312.491
283.933
251.984
218.03
183.633
150.479
120.313
94.8696
75.7999
64.5932
62.5038
70.4817
89.1125
118.568
158.576
208.4
