#1
287.53
243.562
206.288
176.287
153.885
139.156
131.944
131.877
138.397
150.792
168.226
189.776
214.468
241.306
269.31
297.536
325.105
351.222
375.189
396.416
414.43
428.87
439.49
446.154
448.824
447.554
442.476
433.793
421.761
406.683
388.896
368.761
346.656
322.965
298.079
272.385
246.264
220.089
194.221
169.01
144.79
121.88
100.578
81.1652
63.8997
49.0141
36.7134
27.172
20.5297
16.8894
16.3133
18.8207
24.3858
32.9361
44.352
58.4671
75.0694
93.9044
114.678
137.063
160.702
185.217
210.216
235.299
260.07
284.143
307.148
328.744
348.623
366.516
382.197
395.491
406.271
414.463
420.045
423.044
423.532
421.627
417.482
411.283
403.242
393.59
382.57
370.431
357.424
343.791
329.766
315.569
301.399
287.437
273.839
260.739
248.248
236.452
225.413
215.175
205.759
197.17
189.397
182.412
176.179
170.649
165.764
161.46
157.67
154.318
151.331
148.631
146.141
143.785
141.49
139.185
136.804
134.288
131.581
128.638
125.42
121.9
118.058
113.885
109.383
104.562
99.4457
94.0635
88.4552
82.668
76.7557
70.7771
64.7953
58.8763
53.0877
47.4976
42.1742
37.1845
32.5945
28.4683
24.8685
21.856
19.4903
17.8291
16.9291
16.8453
17.6305
19.3351
22.0056
25.6836
30.4037
36.1917
43.0622
51.0166
60.0404
70.1016
81.1484
93.1086
105.889
119.375
133.432
147.911
162.645
177.458
192.171
206.602
220.576
233.932
246.525
258.232
268.962
278.653
287.278
294.843
301.393
307.002
311.772
315.832
319.325
322.403
325.223
327.932
330.663
333.525
336.6
339.933
343.533
347.366
351.36
355.404
359.355
363.04
366.269
368.838
370.543
371.188
370.595
368.612
365.123
360.053
353.372
345.097
335.295
324.077
311.596
298.039
283.623
268.58
253.154
237.586
222.107
206.928
192.233
178.174
164.867
152.387
140.774
130.032
120.132
111.023
102.637
94.8965
87.7255
81.058
74.8468
69.0707
63.7412
58.9066
54.6545
51.1117
48.442
46.841
46.5291
47.7419
50.7183
55.6881
62.8569
72.3917
84.4054
98.9427
115.966
135.346
156.851
180.142
204.772
230.19
255.75
280.722
304.313
325.695
344.028
358.5
368.361
372.961
371.793
364.531
351.058
331.506
306.27
276.021
241.715
204.573
166.062
127.859
91.7971
59.8062
33.839
15.7917
7.4192
10.2494
25.5003
54.0049
96.146
151.808
220.343
300.567
390.766
488.737
591.85
697.127
801.346
901.159
993.223
1074.33
1141.55
1192.35
1224.71
1237.23
1229.21
1200.65
1152.35
1085.8
1003.22
907.419
801.718
689.817
575.647
463.211
356.423
258.945
174.039
104.434
52.2116
18.7288
4.56234
9.49417
32.5287
71.944
125.375
189.923
262.288
338.917
416.16
490.429
558.353
616.918
663.59
696.416
714.095
716.021
702.292
673.695
631.65
578.142
515.618
446.873
374.926
302.886
233.82
170.628
115.925
71.9454
40.4583
22.7113
19.3938
30.6258
55.9689
94.4597
144.663
204.739
272.529
345.642
421.553
497.7
571.578
640.827
703.31
757.181
800.939
833.465
854.043
862.374
858.562
843.092
816.804
780.839
736.593
685.655
629.747
570.659
510.188
450.081
391.975
337.36
#2
653.929
631.453
613.85
601.59
594.912
593.832
598.146
607.457
621.193
638.635
658.953
681.238
704.535
727.881
750.336
771.016
789.118
803.942
814.911
821.583
823.655
820.968
813.502
801.366
784.788
764.098
739.71
712.102
681.799
649.347
615.301
580.202
544.568
508.876
473.556
438.988
405.491
373.329
342.713
313.802
286.708
261.506
238.242
216.934
197.585
180.186
164.72
151.168
139.511
129.729
121.804
115.713
111.434
108.935
108.175
109.104
111.653
115.738
121.255
128.08
136.072
145.07
154.899
165.371
176.291
187.459
198.677
209.753
220.506
230.771
240.406
249.288
257.326
264.455
270.641
275.88
280.196
283.642
286.296
288.256
289.639
290.574
291.201
291.66
292.094
292.639
293.421
294.552
296.13
298.232
300.913
304.209
308.131
312.671
317.797
323.461
329.596
336.123
342.952
349.985
357.117
364.246
371.268
378.084
384.6
390.73
396.396
401.532
406.076
409.98
413.2
415.702
417.456
418.437
418.623
417.994
416.531
414.215
411.026
406.944
401.95
396.022
389.144
381.299
372.478
362.675
351.895
340.149
327.464
313.876
299.437
284.213
268.285
251.75
234.719
217.316
199.678
181.951
164.291
146.859
129.821
113.345
97.5978
82.7427
68.9403
56.3449
45.1038
35.3565
27.2343
20.86
16.3484
13.8059
13.3315
15.0171
18.9482
25.2038
33.8573
44.9757
58.62
74.8442
93.6942
115.206
139.406
166.304
195.896
228.158
263.041
300.471
340.342
382.512
426.799
472.977
520.77
569.847
619.824
670.257
720.639
770.408
818.943
865.569
909.569
950.19
986.655
1018.18
1044.01
1063.4
1075.68
1080.26
1076.66
1064.53
1043.7
1014.14
976.075
929.897
876.241
815.956
750.104
679.942
606.9
532.546
458.547
386.621
318.487
255.808
200.134
152.846
115.105
87.7981
71.5038
66.457
72.5297
89.2227
115.671
150.664
192.674
239.907
290.358
341.877
392.246
439.261
480.815
514.983
540.104
554.855
558.318
550.031
530.03
498.867
457.615
407.848
351.601
291.312
229.737
169.854
114.745
67.47
30.9298
7.72729
0.0325078
9.45601
36.9389
82.6649
146.002
225.475
318.781
422.843
533.901
647.65
759.415
864.35
957.668
1034.88
1092.05
1126
1134.56
1116.72
1072.75
1004.31
914.413
807.389
688.752
564.993
443.323
331.364
236.795
166.988
128.63
127.369
167.49
251.647
380.66
553.4
766.753
1015.69
1293.42
1591.64
1900.87
2210.79
2510.74
2790.12
3038.89
3247.97
3409.64
3517.93
3568.79
3560.33
3492.89
3368.96
3193.12
2971.79
2712.95
2425.78
2120.27
1806.77
1495.57
1196.48
918.436
669.182
454.973
280.392
148.231
59.4543
13.2481
7.14199
37.199
98.2601
184.23
288.392
403.725
523.233
640.233
748.637
843.171
919.555
974.633
1006.43
1014.18
998.254
960.106
902.117
827.44
739.817
643.373
542.424
441.272
344.027
254.448
175.803
110.769
61.356
28.8692
13.9002
16.3488
35.4711
69.9499
117.982
177.378
245.672
320.229
398.355
477.399
554.848
628.404
696.053
756.119
807.297
848.673
879.731
900.343
910.745
911.506
903.486
887.786
865.695
838.633
808.094
775.59
742.597
710.506
680.583
#3
324.803
312.258
304.658
302.345
305.474
314.014
327.752
346.307
369.144
395.597
424.889
456.161
488.501
520.966
552.618
582.546
609.894
633.884
653.835
669.18
679.478
684.426
683.856
677.741
666.191
649.441
627.843
601.851
572.005
538.915
503.241
465.67
426.903
387.636
348.538
310.24
273.322
238.3
205.618
175.644
148.662
124.878
104.415
87.3192
73.5637
63.0568
55.6485
51.1389
49.2879
49.8238
52.4529
56.8679
62.7567
69.8097
77.7266
86.2225
95.0326
103.916
112.659
121.077
129.014
136.348
142.982
148.853
153.92
158.172
161.617
164.288
166.23
167.508
168.195
168.377
168.143
167.589
166.812
165.908
164.972
164.094
163.361
162.852
162.638
162.785
163.347
164.372
165.898
167.953
170.558
173.726
177.46
181.759
186.611
192.002
197.911
204.313
211.178
218.472
226.161
234.205
242.563
251.192
260.047
269.078
278.236
287.467
296.714
305.916
315.01
323.928
332.597
340.942
348.883
356.337
363.218
369.438
374.909
379.543
383.253
385.957
387.576
388.04
387.285
385.258
381.919
377.238
371.2
363.805
355.069
345.022
333.709
321.193
307.55
292.869
277.254
260.82
243.693
226.01
207.914
189.557
171.1
152.707
134.548
116.799
99.639
83.2514
67.8221
53.5396
40.5936
29.174
19.4692
11.6644
5.93911
2.46498
1.40249
2.89806
7.08064
14.0584
23.9156
36.709
52.4659
71.1809
92.8146
117.292
144.504
174.302
206.507
240.901
277.24
315.245
354.612
395.014
436.101
477.503
518.835
559.697
599.679
638.36
675.313
710.106
742.306
771.48
797.203
819.062
836.66
849.628
857.63
860.375
857.63
849.227
835.083
815.203
789.699
758.796
722.84
682.304
637.786
590.012
539.821
488.158
436.053
384.6
334.93
288.181
245.461
207.816
176.19
151.392
134.06
124.631
123.317
130.085
144.644
166.445
194.687
228.329
266.117
306.62
348.271
389.415
428.37
463.482
493.193
516.1
531.019
537.038
533.569
520.389
497.662
465.963
426.268
379.943
328.71
274.591
219.848
166.895
118.21
76.2262
43.228
21.2385
11.9149
16.4515
35.4971
69.0918
116.627
176.836
247.809
327.048
411.544
497.896
582.447
661.443
731.217
788.366
829.937
853.597
857.786
841.837
806.064
751.798
681.379
598.102
506.102
410.199
315.698
228.159
153.139
95.9254
61.2724
53.1515
74.5303
127.193
211.611
326.874
470.681
639.401
828.198
1031.21
1241.79
1452.76
1656.75
1846.47
2015.05
2156.34
2265.15
2337.51
2370.79
2363.84
2317.05
2232.25
2112.69
1962.86
1788.28
1595.26
1390.62
1181.41
974.597
776.799
594.014
431.403
293.104
182.105
100.168
47.811
24.3415
27.9454
55.8183
104.334
169.242
245.88
329.398
414.974
498.021
574.369
640.423
693.283
730.83
751.765
755.624
742.739
714.182
671.665
617.434
554.134
484.672
412.074
339.353
269.375
204.755
147.755
100.217
63.511
38.5092
25.5803
24.6072
35.0221
55.857
85.8076
123.304
166.59
213.8
263.037
312.445
360.277
404.951
445.098
479.597
507.602
528.554
542.186
548.511
547.809
540.6
527.615
509.758
488.066
463.668
437.743
411.476
386.02
362.457
341.768
#4
515.264
475.753
443.228
418.143
400.675
390.737
387.996
391.901
401.715
416.554
435.424
457.261
480.976
505.484
529.747
552.801
573.78
591.939
606.667
617.492
624.091
626.279
624.005
617.344
606.474
591.67
573.276
551.695
527.365
500.747
472.307
442.505
411.783
380.558
349.218
318.115
287.568
257.859
229.24
201.932
176.127
151.994
129.682
109.316
91.0073
74.848
60.913
49.2588
39.9226
32.9201
28.2439
25.8618
25.7152
27.7184
31.7586
37.6964
45.3673
54.5849
65.1436
76.8232
89.3937
102.62
116.27
130.114
143.937
157.539
170.74
183.386
195.346
206.518
216.83
226.237
234.72
242.286
248.963
254.8
259.862
264.224
267.97
271.192
273.981
276.426
278.615
280.628
282.537
284.407
286.289
288.229
290.258
292.401
294.668
297.066
299.59
302.228
304.963
307.772
310.627
313.495
316.344
319.134
321.828
324.383
326.76
328.914
330.802
332.381
333.606
334.433
334.818
334.717
334.086
332.882
331.063
328.589
325.423
321.53
316.879
311.445
305.208
298.157
290.287
281.605
272.129
261.888
250.923
239.291
227.062
214.318
201.155
187.682
174.019
160.293
146.638
133.193
120.099
107.493
95.5082
84.2718
73.8996
64.4957
56.1504
48.9391
42.9215
38.1418
34.6296
32.4002
31.4571
31.7931
33.393
36.2355
40.2949
45.5439
51.9545
59.4995
68.1535
77.8935
88.6988
100.551
113.435
127.334
142.236
158.125
174.99
192.815
211.585
231.286
251.899
273.408
295.793
319.032
343.1
367.967
393.593
419.927
446.904
474.437
502.411
530.684
559.073
587.356
615.265
642.483
668.647
693.348
716.133
736.521
754.006
768.074
778.222
783.975
784.905
780.658
770.97
755.69
734.799
708.421
676.836
640.483
599.962
556.018
509.534
461.505
413.012
365.185
319.172
276.092
236.997
202.826
174.372
152.241
136.825
128.276
126.498
131.137
141.591
157.022
176.389
198.479
221.956
245.413
267.43
286.639
301.783
311.78
315.778
313.21
303.829
287.74
265.414
237.684
205.73
171.039
135.357
100.615
68.8462
42.0967
22.3179
11.2642
10.3893
20.7502
42.9235
76.9402
122.243
177.67
241.472
311.356
384.565
457.988
528.297
592.105
646.141
687.432
713.481
722.436
713.238
685.732
640.746
580.118
506.675
424.157
337.093
250.622
170.276
101.729
50.5254
21.7972
19.9913
48.6138
110.011
205.194
333.731
493.688
681.659
892.857
1121.27
1359.9
1601.02
1836.51
2058.19
2258.17
2429.21
2565.01
2660.51
2712.14
2717.91
2677.56
2592.55
2466.01
2302.55
2108.13
1889.75
1655.15
1412.5
1170.03
935.73
716.966
520.243
350.943
213.136
109.46
41.0593
7.59671
7.32457
37.2185
93.1607
170.165
262.63
364.611
470.093
573.257
668.725
751.776
818.524
866.044
892.46
896.977
879.861
842.382
786.707
715.766
633.084
542.605
448.499
354.971
266.082
185.581
116.761
62.3443
24.3901
4.24377
2.51245
19.0734
53.1116
103.183
167.299
243.026
327.602
418.049
511.298
604.304
694.155
778.167
853.97
919.575
973.419
1014.4
1041.89
1055.74
1056.22
1044.03
1020.25
986.252
943.653
894.255
839.966
782.73
724.467
667.004
612.026
561.024
#5
568.235
537.132
506.564
477.189
449.594
424.287
401.702
382.195
366.045
353.46
344.575
339.454
338.093
340.419
346.293
355.506
367.785
382.792
400.125
419.325
439.879
461.229
482.781
503.914
523.999
542.406
558.527
571.789
581.671
587.722
589.574
586.958
579.713
567.793
551.277
530.364
505.374
476.745
445.013
410.812
374.845
337.876
300.702
264.133
228.971
195.987
165.899
139.35
116.895
98.9816
85.9409
77.9778
75.1674
77.454
84.6548
96.4668
112.478
132.179
154.982
180.239
207.259
235.329
263.738
291.792
318.838
344.275
367.573
388.283
406.046
420.599
431.776
439.508
443.819
444.819
442.695
437.699
430.138
420.358
408.736
395.659
381.52
366.699
351.561
336.444
321.651
307.452
294.075
281.712
270.514
260.597
252.044
244.909
239.22
234.983
232.188
230.808
230.804
232.128
234.719
238.509
243.418
249.356
256.219
263.889
272.236
281.111
290.349
299.772
309.184
318.381
327.145
335.258
342.498
348.65
353.507
356.883
358.611
358.555
356.609
352.707
346.823
338.972
329.213
317.646
304.41
289.679
273.661
256.584
238.697
220.258
201.53
182.77
164.225
146.126
128.683
112.078
96.4682
81.9826
68.7218
56.7615
46.1549
36.9371
29.1296
22.745
17.7921
14.2801
12.2219
11.6368
12.5519
15.0014
19.0256
24.668
31.9712
40.9721
51.6972
64.1563
78.3384
94.207
111.697
130.712
151.126
172.786
195.51
219.101
243.346
268.027
292.931
317.854
342.613
367.05
391.038
414.484
437.325
459.533
481.103
502.049
522.394
542.156
561.337
579.916
597.827
614.961
631.15
646.17
659.735
671.507
681.104
688.11
692.095
692.633
689.326
681.825
669.858
653.246
631.924
605.959
575.556
541.067
502.985
461.939
418.679
374.053
328.983
284.436
241.386
200.783
163.516
130.375
102.026
78.9765
61.5588
49.9106
43.9681
43.4649
47.9397
56.7512
69.1019
84.0679
100.635
117.74
134.314
149.334
161.863
171.097
176.412
177.39
173.859
165.903
153.879
138.409
120.371
100.868
81.1905
62.7645
47.0912
35.6764
29.9549
31.2129
40.5095
58.6051
85.8968
122.367
167.55
220.514
279.873
343.813
410.15
476.411
539.933
597.98
647.881
687.166
713.71
725.864
722.58
703.509
669.069
620.484
559.783
489.755
413.865
336.133
260.968
192.988
136.799
96.7841
76.8705
80.3236
109.555
165.962
249.818
360.199
494.976
650.857
823.495
1007.63
1197.32
1386.12
1567.44
1734.74
1881.86
2003.28
2094.36
2151.57
2172.6
2156.53
2103.82
2016.32
1897.17
1750.7
1582.18
1397.67
1203.69
1007
814.266
631.834
465.456
320.073
199.64
106.988
43.7514
10.3404
5.97038
28.741
75.7604
143.306
227.016
322.097
423.545
526.357
625.745
717.318
797.241
862.371
910.342
939.625
949.542
940.249
912.68
868.467
809.834
739.473
660.41
575.864
489.113
403.357
321.605
246.566
180.568
125.493
82.7349
53.1797
37.2063
34.7061
45.1194
67.4861
100.507
142.613
192.039
246.896
305.249
365.18
424.854
482.574
536.819
586.288
629.915
666.889
696.654
718.907
733.579
740.821
740.978
734.555
722.193
704.635
682.693
657.221
629.086
599.148
#6
517.836
481.99
446.705
412.661
380.449
350.567
323.424
299.339
278.545
261.198
247.381
237.107
230.331
226.949
226.808
229.705
235.39
243.572
253.918
266.055
279.575
294.037
308.971
323.888
338.284
351.652
363.491
373.322
380.696
385.213
386.535
384.396
378.617
369.117
355.917
339.15
319.06
295.999
270.424
242.885
214.015
184.51
155.113
126.59
99.7101
75.2205
53.8223
36.1497
22.7488
14.0599
10.4028
11.9665
18.8025
30.8229
47.8034
69.3903
95.1123
124.395
156.581
190.947
226.732
263.154
299.441
334.844
368.666
400.276
429.126
454.761
476.828
495.084
509.389
519.711
526.114
528.754
527.862
523.735
516.72
507.202
495.586
482.282
467.699
452.227
436.23
420.038
403.944
388.196
372.999
358.514
344.863
332.124
320.344
309.54
299.702
290.802
282.797
275.634
269.253
263.594
258.596
254.201
250.357
247.015
244.133
241.672
239.601
237.89
236.51
235.437
234.645
234.106
233.791
233.669
233.704
233.859
234.093
234.361
234.618
234.817
234.91
234.853
234.6
234.114
233.357
232.3
230.921
229.201
227.132
224.713
221.947
218.846
215.427
211.712
207.726
203.499
199.059
194.437
189.664
184.769
179.782
174.729
169.637
164.534
159.447
154.405
149.442
144.596
139.91
135.435
131.234
127.377
123.948
121.041
118.765
117.242
116.607
117.009
118.611
121.587
126.125
132.422
140.685
151.128
163.967
179.421
197.704
219.02
243.555
271.475
302.907
337.938
376.598
418.852
464.586
513.597
565.581
620.127
676.709
734.682
793.287
851.652
908.804
963.687
1015.18
1062.13
1103.36
1137.75
1164.22
1181.82
1189.72
1187.29
1174.11
1150.03
1115.14
1069.82
1014.75
950.888
879.457
801.918
719.935
635.325
550.004
465.929
385.031
309.151
239.974
178.974
127.357
86.0181
55.5096
36.0181
27.3587
28.9814
39.9917
59.1847
85.0911
116.034
150.194
185.68
220.604
253.158
281.686
304.75
321.197
330.204
331.321
324.497
310.087
288.853
261.938
230.832
197.319
163.412
131.274
103.131
81.1776
67.4785
63.8693
71.8626
92.5609
126.582
173.999
234.305
306.388
388.551
478.535
573.591
670.563
766.001
856.298
937.837
1007.15
1061.09
1096.99
1112.8
1107.24
1079.87
1031.2
962.688
876.744
776.664
666.534
551.081
435.498
325.226
225.727
142.237
79.5257
41.6632
31.8158
52.0726
103.318
185.157
295.893
432.57
591.07
766.267
952.225
1142.44
1330.12
1508.44
1670.88
1811.44
1924.94
2007.23
2055.34
2067.62
2043.79
1984.94
1893.45
1772.91
1627.94
1463.95
1286.93
1103.21
919.13
740.847
574.05
423.758
294.136
188.356
108.509
55.5607
29.3638
28.7117
51.4383
94.5526
154.403
226.862
307.52
391.887
475.581
554.504
625.002
683.988
729.046
758.489
771.393
767.593
747.65
712.784
664.792
605.941
538.851
466.371
391.451
317.02
245.873
180.564
123.327
76.0033
39.9929
16.2292
5.16806
6.79884
20.6709
45.9357
81.4
125.589
176.813
233.243
292.978
354.116
414.816
473.359
528.19
577.965
621.571
658.151
687.108
708.106
721.056
726.104
723.6
714.076
698.208
676.787
650.682
620.81
588.104
553.484
#7
282.075
248.507
218.331
192.323
171.087
155.044
144.437
139.336
139.647
145.133
155.429
170.064
188.485
210.078
234.189
260.147
287.274
314.909
342.415
369.188
394.669
418.345
439.754
458.486
474.188
486.557
495.348
500.372
501.495
498.64
491.79
480.988
466.34
448.017
426.253
401.35
373.674
343.656
311.784
278.603
244.703
210.713
177.289
145.103
114.826
87.1153
62.5987
41.8584
25.4153
13.7146
7.11241
5.86404
10.1151
19.8947
35.1124
55.5575
80.9022
110.708
144.437
181.461
221.08
262.539
305.046
347.794
389.979
430.823
469.592
505.613
538.29
567.118
591.692
611.712
626.991
637.448
643.111
644.107
640.653
633.046
621.652
606.887
589.207
569.091
547.029
523.506
498.995
473.941
448.758
423.818
399.45
375.937
353.513
332.366
312.639
294.432
277.808
262.794
249.391
237.571
227.289
218.48
211.069
204.968
200.086
196.322
193.577
191.745
190.724
190.408
190.694
191.479
192.663
194.145
195.832
197.631
199.454
201.219
202.851
204.28
205.446
206.296
206.788
206.888
206.573
205.831
204.657
203.06
201.053
198.66
195.913
192.848
189.507
185.936
182.182
178.297
174.329
170.329
166.344
162.421
158.601
154.925
151.429
148.145
145.105
142.333
139.854
137.69
135.86
134.385
133.284
132.577
132.289
132.445
133.076
134.218
135.916
138.222
141.2
144.924
149.483
154.982
161.538
169.287
178.381
188.986
201.28
215.454
231.699
250.207
271.158
294.715
321.006
350.122
382.094
416.885
454.381
494.371
536.545
580.487
625.667
671.448
717.089
761.758
804.547
844.496
880.616
911.922
937.466
956.371
967.866
971.324
966.286
952.496
929.916
898.741
859.406
812.579
759.155
700.225
637.055
571.043
503.677
436.489
371.001
308.679
250.877
198.797
153.444
115.596
85.7769
64.2381
50.9563
45.6349
47.719
56.4177
70.7371
89.5188
111.486
135.292
159.574
183.008
204.358
222.528
236.609
245.918
250.028
248.795
242.37
231.2
216.023
197.843
177.901
157.63
138.6
122.458
110.854
105.369
107.436
118.263
138.759
169.473
210.535
261.619
321.92
390.151
464.564
542.991
622.91
701.532
775.906
843.044
900.05
944.263
973.394
985.659
979.894
955.65
913.267
853.906
779.551
692.971
597.639
497.622
397.429
301.831
215.662
143.61
89.993
58.558
52.2843
73.221
122.359
199.549
303.464
431.618
580.44
745.392
921.14
1101.76
1280.98
1452.44
1609.95
1747.74
1860.74
1944.77
1996.73
2014.7
1998.07
1947.53
1865.03
1753.71
1617.75
1462.17
1292.65
1115.27
936.228
761.626
597.2
448.106
318.722
212.495
131.833
78.0396
51.3049
50.737
74.4435
119.65
182.852
259.991
346.645
438.231
530.196
618.208
698.319
767.109
821.804
860.348
881.459
884.634
870.134
838.931
792.63
733.375
663.731
586.562
504.904
421.833
340.346
263.249
193.058
131.92
81.5511
43.1931
17.5932
5.00228
5.19083
17.4827
40.8026
73.736
114.597
161.503
212.451
265.399
318.334
369.347
416.692
458.841
494.525
522.767
542.898
554.568
557.738
552.665
539.879
520.149
494.44
463.872
429.671
393.119
355.51
318.101
#8
369.97
344.718
324.295
309.023
299.022
294.224
294.387
299.121
307.907
320.136
335.13
352.175
370.55
389.55
408.509
426.821
443.947
459.432
472.902
484.07
492.728
498.746
502.056
502.65
500.563
495.865
488.652
479.035
467.136
453.083
437.007
419.042
399.329
378.015
355.263
331.252
306.186
280.296
253.843
227.124
200.464
174.223
148.786
124.554
101.942
81.3638
63.2201
47.8874
35.7044
26.9592
21.8783
20.616
23.2472
29.7614
40.0609
53.9609
71.1933
91.4133
114.208
139.111
165.61
193.168
221.234
249.263
276.728
303.133
328.029
351.021
371.778
390.038
405.61
418.373
428.278
435.34
439.631
441.279
440.45
437.348
432.199
425.248
416.747
406.947
396.095
384.427
372.164
359.509
346.645
333.737
320.928
308.34
296.08
284.235
272.877
262.063
251.84
242.241
233.289
225
217.38
210.43
204.143
198.507
193.505
189.117
185.319
182.085
179.388
177.199
175.49
174.232
173.397
172.959
172.89
173.164
173.754
174.63
175.763
177.119
178.659
180.341
182.115
183.928
185.718
187.418
188.955
190.254
191.235
191.817
191.922
191.475
190.405
188.652
186.167
182.912
178.866
174.024
168.398
162.017
154.931
147.206
138.924
130.183
121.095
111.781
102.375
93.0133
83.8401
74.9996
66.6361
58.892
51.9053
45.8088
40.7291
36.7852
34.0891
32.7449
32.8498
34.4945
37.7641
42.7388
49.4957
58.109
68.6517
81.1958
95.8122
112.571
131.539
152.779
176.345
202.279
230.604
261.319
294.389
329.739
367.243
406.715
447.903
490.478
534.031
578.07
622.018
665.219
706.943
746.4
782.759
815.163
842.762
864.735
880.323
888.863
889.818
882.807
867.633
844.306
813.056
774.343
728.859
677.514
621.419
561.86
500.257
438.123
377.011
318.461
263.944
214.807
172.218
137.118
110.187
91.8051
82.0416
80.6431
87.0418
100.375
119.516
143.121
169.677
197.57
225.149
250.795
272.997
290.414
301.944
306.769
304.408
294.74
278.023
254.893
226.347
193.711
158.59
122.808
88.3275
57.1716
31.3271
12.6525
2.78357
3.04548
14.373
37.2448
71.6342
116.981
172.186
235.628
305.213
378.439
452.492
524.358
590.957
649.282
696.549
730.345
748.762
750.528
735.101
702.748
654.575
592.537
519.388
438.609
354.283
270.938
193.37
126.425
74.7872
42.7483
33.995
51.4087
96.8961
171.258
274.102
403.809
557.555
731.384
920.344
1118.66
1319.95
1517.51
1704.54
1874.46
2021.18
2139.37
2224.67
2273.9
2285.19
2258.05
2193.43
2093.65
1962.31
1804.11
1624.7
1430.4
1227.94
1024.2
825.885
639.309
470.105
323.033
201.806
108.973
45.8534
12.5246
7.86877
29.6656
74.7317
139.096
218.2
307.123
400.803
494.26
582.808
662.24
728.985
780.227
813.992
829.188
825.609
803.892
765.453
712.381
647.317
573.31
493.668
411.803
331.083
254.695
185.521
126.032
78.216
43.5138
22.796
16.3558
23.9283
44.7309
77.5211
120.669
172.243
230.093
291.952
355.52
418.555
478.948
534.799
584.466
626.615
660.249
684.722
699.742
705.361
701.953
690.179
670.948
645.368
614.697
580.287
543.529
505.806
468.441
432.652
399.524
#9
298.502
278.183
261.728
249.341
241.074
236.839
236.42
239.49
245.634
254.362
265.142
277.41
290.6
304.154
317.547
330.293
341.96
352.18
360.648
367.127
371.451
373.516
373.279
370.752
365.993
359.103
350.212
339.478
327.078
313.198
298.036
281.792
264.666
246.856
228.558
209.965
191.263
172.636
154.263
136.321
118.98
102.407
86.7633
72.2046
58.8773
46.9177
36.4502
27.584
20.4113
15.0046
11.4147
9.66912
9.77052
11.6963
15.3984
20.8041
27.8173
36.3205
46.1777
57.2371
69.3353
82.3006
95.9575
110.13
124.647
139.344
154.067
168.675
183.043
197.063
210.644
223.713
236.214
248.108
259.369
269.988
279.962
289.301
298.018
306.133
313.665
320.635
327.061
332.958
338.336
343.2
347.548
351.376
354.669
357.412
359.581
361.151
362.094
362.382
361.985
360.876
359.031
356.428
353.054
348.899
343.961
338.249
331.776
324.569
316.66
308.093
298.918
289.196
278.993
268.384
257.445
246.261
234.916
223.496
212.089
200.777
189.644
178.767
168.216
158.059
148.354
139.152
130.494
122.414
114.938
108.081
101.85
96.2447
91.2555
86.8656
83.0514
79.7829
77.0243
74.7353
72.8715
71.3851
70.2263
69.3437
68.6856
68.2005
67.8387
67.5526
67.2981
67.0361
66.7328
66.3616
65.9046
65.3534
64.7114
63.9952
63.2365
62.4837
61.8043
61.2865
61.0405
61.2004
61.9251
63.3984
65.829
69.4493
74.5131
81.2924
90.0724
101.146
114.805
131.333
150.995
174.024
200.613
230.898
264.947
302.75
344.205
389.107
437.145
487.893
540.808
595.235
650.411
705.476
759.49
811.446
860.303
905.004
944.514
977.846
1004.1
1022.48
1032.35
1033.25
1024.92
1007.3
980.583
945.195
901.787
851.237
794.622
733.196
668.353
601.582
534.427
468.436
405.108
345.847
291.91
244.366
204.061
171.584
147.249
131.084
122.831
121.959
127.68
138.984
154.679
173.434
193.837
214.448
233.86
250.754
263.959
272.498
275.639
272.923
264.198
249.628
229.701
205.215
177.26
147.18
116.526
87.0002
60.389
38.4882
23.0252
15.5781
17.4962
29.8243
53.236
87.9764
133.821
190.049
255.442
328.297
406.47
487.433
568.364
646.25
718.005
780.609
831.243
867.436
887.197
889.143
872.6
837.68
785.332
717.349
636.339
545.659
449.304
351.764
257.849
172.486
100.504
46.4113
14.1755
7.02303
27.2598
76.1298
153.717
258.897
389.344
541.591
711.143
892.648
1080.1
1267.08
1447.02
1613.5
1760.48
1882.59
1975.36
2035.38
2060.5
2049.87
2003.98
1924.66
1814.96
1679.03
1521.91
1349.35
1167.49
982.666
801.097
628.647
470.588
331.398
214.602
122.658
56.8986
17.5183
3.61676
13.2873
43.7474
91.5023
152.534
222.503
296.96
371.545
442.182
505.237
557.665
597.109
621.966
631.42
625.432
604.695
570.568
524.967
470.256
409.113
344.389
278.979
215.687
157.111
105.542
62.8825
30.5861
9.62404
0.470165
3.11039
17.0709
41.4638
75.0461
116.29
163.459
214.687
268.056
321.674
373.742
422.616
466.853
505.258
536.903
561.148
577.643
586.321
587.38
581.264
568.622
550.281
527.197
500.422
471.053
440.198
408.934
378.274
349.138
322.326
