#1
1173.72
1225.43
1266.78
1296.39
1313.18
1316.41
1305.68
1281.05
1242.97
1192.35
1130.5
1059.13
980.296
896.345
809.832
723.444
639.909
561.893
491.905
432.199
384.687
350.858
331.715
327.723
338.788
364.246
402.88
452.961
512.308
578.368
648.314
719.159
787.873
851.509
907.329
952.919
986.3
1006.02
1011.21
1001.67
977.833
940.819
892.356
834.742
770.751
703.526
636.454
573.027
516.698
470.731
438.065
421.181
421.988
441.739
480.961
539.422
616.13
709.357
816.705
935.186
1061.34
1191.38
1321.3
1447.1
1564.9
1671.08
1762.48
1836.5
1891.19
1925.36
1938.6
1931.31
1904.7
1860.7
1801.93
1731.55
1653.15
1570.62
1487.99
1409.23
1338.17
1278.28
1232.57
1203.48
1192.78
1201.5
1229.92
1277.55
1343.18
1424.9
1520.22
1626.13
1739.26
1855.99
1972.59
2085.35
2190.72
2285.45
2366.64
2431.9
2479.38
2507.78
2516.47
2505.36
2474.97
2426.36
2361.04
2280.9
2188.14
2085.15
1974.46
1858.57
1739.94
1620.84
1503.35
1389.26
1280.04
1176.85
1080.49
991.438
909.863
835.656
768.477
707.798
652.956
603.205
557.765
515.866
476.79
439.902
404.673
370.693
337.683
305.488
274.069
243.489
213.894
185.488
158.513
133.219
109.851
88.6197
69.6931
53.1815
39.1308
27.5209
18.2668
11.2248
6.20129
2.96387
1.25407
0.80066
1.33249
2.59043
4.33752
6.36699
8.50783
10.6278
12.6337
14.4698
16.114
17.572
18.8714
20.0546
21.1715
22.2733
23.4065
24.6082
25.903
27.3006
28.7956
30.3681
31.9852
33.6044
35.1763
36.6486
37.9697
39.092
39.9752
40.5886
40.9131
40.9416
40.6799
40.1455
39.3672
38.383
37.2382
35.9834
34.6719
33.358
32.0945
30.9309
29.9121
29.0771
28.4576
28.0779
27.9542
28.0944
28.4983
29.1572
30.055
31.1679
32.4653
33.9105
35.461
37.0701
38.6877
40.2613
41.7378
43.0648
44.1923
45.0742
45.67
45.9464
45.8783
45.4503
44.6568
43.5032
42.0051
40.1882
38.0875
35.7456
33.2116
30.5391
27.7841
25.0031
22.2512
19.58
17.0363
14.6607
12.4866
10.5397
8.83786
7.39109
6.20235
5.26812
4.57947
4.12315
3.88278
3.84001
3.97571
4.27093
4.7078
5.27032
5.9449
6.72081
7.5905
8.54981
9.59804
10.738
11.976
13.3217
14.7882
16.3916
18.151
20.0881
22.2268
24.5929
27.2133
30.1154
33.3263
36.8719
40.7758
45.0584
49.7358
54.8187
60.3115
66.2117
72.5088
79.1842
86.211
93.5537
101.169
109.006
117.008
125.112
133.251
141.356
149.355
157.18
164.763
172.041
178.955
185.455
191.498
197.053
202.096
206.616
210.616
214.106
217.114
219.675
221.838
223.663
225.22
226.587
227.853
229.11
230.459
232.001
233.841
236.082
238.825
242.165
246.189
250.975
256.586
263.068
270.452
278.742
287.922
297.949
308.751
320.227
332.247
344.649
357.246
369.822
382.135
393.926
404.92
414.835
423.387
430.3
435.313
438.196
438.754
436.841
432.371
425.326
415.769
403.849
389.807
373.982
356.81
338.824
320.649
302.989
286.621
272.371
261.099
253.676
250.951
253.729
262.737
278.594
301.78
332.606
371.19
417.433
471.003
531.323
597.573
668.69
743.384
820.164
897.368
973.204
1045.8
1113.26
#2
943.066
972.397
990.243
995.837
988.742
968.88
936.556
892.468
837.707
773.734
702.356
625.676
546.036
465.949
388.019
314.855
248.983
192.753
148.252
117.221
100.983
100.382
115.734
146.805
192.795
252.353
323.608
404.218
491.445
582.24
673.346
761.412
843.112
915.272
974.994
1019.77
1047.58
1057.01
1047.3
1018.4
971.01
906.567
827.22
735.772
635.601
530.554
424.812
322.747
228.763
147.125
81.7942
36.2605
13.3933
15.305
43.2409
97.4968
177.371
281.154
406.153
548.763
704.572
868.501
1034.98
1198.15
1352.08
1491
1609.54
1702.95
1767.31
1799.71
1798.43
1762.99
1694.26
1594.42
1466.98
1316.57
1148.9
970.483
788.415
610.112
443.015
294.299
170.575
77.625
20.1609
1.62201
24.0275
87.8846
192.159
334.308
510.377
715.153
942.366
1184.94
1435.28
1685.53
1927.94
2155.08
2360.18
2537.32
2681.68
2789.64
2858.89
2888.48
2878.8
2831.48
2749.29
2636.01
2496.16
2334.86
2157.57
1969.87
1777.24
1584.85
1397.45
1219.13
1053.32
902.644
768.936
653.238
555.834
476.326
413.723
366.549
332.957
310.855
298.02
292.209
291.261
293.178
296.189
298.804
299.834
298.411
293.976
286.262
275.266
261.206
244.478
225.608
205.209
183.929
162.42
141.292
121.098
102.301
85.2701
70.2689
57.4568
46.894
38.5514
32.3232
28.0417
25.4932
24.4339
24.6045
25.7436
27.5992
29.9369
32.547
35.2478
37.8878
40.3452
42.5266
44.3634
45.8091
46.8352
47.4276
47.5832
47.3076
46.6131
45.5175
44.0436
42.2199
40.0808
37.6676
35.0299
32.2257
29.3222
26.3956
23.5304
20.8179
18.3539
16.2363
14.5617
13.4218
12.9
13.0669
13.9778
15.6687
18.1544
21.4264
25.452
30.1741
35.5121
41.3635
47.6064
54.1028
60.7021
67.2462
73.5734
79.5234
84.9426
89.6882
93.633
96.6693
98.7122
99.7022
99.6076
98.4253
96.1815
92.9308
88.7551
83.7615
78.0794
71.857
65.2572
58.4535
51.625
44.9517
38.6099
32.7675
27.5795
23.1846
19.7015
17.2265
15.8315
15.5625
16.4395
18.4565
21.5827
25.764
30.925
36.972
43.796
51.2761
59.2826
67.6812
76.336
85.1132
93.8839
102.527
110.932
119
126.646
133.801
140.408
146.43
151.84
156.63
160.803
164.373
167.367
169.819
171.771
173.272
174.371
175.124
175.585
175.808
175.849
175.759
175.587
175.382
175.189
175.049
175.003
175.089
175.342
175.797
176.487
177.443
178.699
180.283
182.226
184.557
187.304
190.492
194.147
198.29
202.94
208.112
213.818
220.063
226.848
234.166
242.004
250.342
259.153
268.399
278.038
288.015
298.273
308.742
319.349
330.014
340.651
351.171
361.482
371.491
381.105
390.229
398.775
406.654
413.783
420.085
425.486
429.918
433.319
435.631
436.802
436.782
435.525
432.987
429.125
423.901
417.274
409.207
399.666
388.62
376.048
361.934
346.279
329.1
310.436
290.354
268.955
246.377
222.806
198.472
173.661
148.715
124.031
100.066
77.3264
56.3709
37.7968
22.2317
10.3194
2.70367
0.009415
2.82152
11.6623
26.9675
49.063
78.1407
114.238
157.216
206.75
262.314
323.177
388.408
456.881
527.295
598.199
668.023
735.114
797.791
854.385
903.299
#3
299.529
309.142
315.238
317.558
315.941
310.333
300.8
287.527
270.824
251.123
228.966
204.999
179.951
154.62
129.842
106.472
85.3516
67.281
52.9897
43.108
38.1412
38.4459
44.2118
55.4476
71.9733
93.4184
119.228
148.674
180.875
214.824
249.414
283.482
315.844
345.337
370.869
391.453
406.254
414.624
416.132
410.588
398.059
378.876
353.629
323.156
288.517
250.96
211.882
172.779
135.189
100.634
70.5642
46.2933
28.9464
19.4092
18.2862
25.8687
42.1146
66.6412
98.7314
137.354
181.196
228.712
278.175
327.749
375.555
419.75
458.603
490.566
514.343
528.947
533.747
528.504
513.383
488.958
456.193
416.412
371.251
322.592
272.495
223.114
176.612
135.074
100.419
74.3256
58.1594
52.9172
59.1853
77.1137
106.41
146.348
195.799
253.276
316.992
384.929
454.924
524.744
592.181
655.128
711.663
760.113
799.112
827.647
845.083
851.177
846.07
830.275
804.636
770.287
728.6
681.114
629.481
575.389
520.507
466.415
414.559
366.201
322.387
283.919
251.349
224.969
204.826
190.735
182.308
178.983
180.059
184.74
192.165
201.457
211.748
222.22
232.125
240.812
247.742
252.496
254.779
254.425
251.384
245.714
237.57
227.188
214.867
200.951
185.811
169.833
153.396
136.864
120.572
104.819
89.8602
75.9037
63.109
51.5871
41.4027
32.578
25.0971
18.9115
13.9463
10.1058
7.28008
5.34992
4.19242
3.68517
3.71007
4.15622
4.92215
5.9172
7.06232
8.29026
9.54521
10.7821
11.9657
13.0691
14.0729
14.9635
15.7321
16.3737
16.8856
17.2673
17.5196
17.6443
17.6442
17.5229
17.2853
16.9374
16.4871
15.9444
15.3215
14.6333
13.8973
13.1336
12.3643
11.6136
10.9067
10.269
9.72513
9.29777
9.00663
8.86722
8.88982
9.07862
9.43106
9.9375
10.5812
11.3385
12.1798
13.0703
13.9714
14.8424
15.642
16.3304
16.8708
17.2313
17.3867
17.319
17.0191
16.4868
15.7314
14.7708
13.6315
12.3471
10.957
9.50528
8.03841
6.60386
5.24823
4.01559
2.94597
2.07408
1.4283
1.02992
0.892741
1.02292
1.41914
2.07303
2.96977
4.08899
5.40566
6.89119
8.5145
10.2431
12.0444
13.8862
15.738
17.5719
19.3628
21.0891
22.7332
24.2817
25.7253
27.0588
28.281
29.3946
30.4055
31.3226
32.1575
32.9236
33.6359
34.3106
34.9642
35.6134
36.2747
36.9638
37.6954
38.4828
39.3382
40.2716
41.2916
42.4047
43.6157
44.9273
46.3403
47.8538
49.4651
51.1699
52.9623
54.8354
56.7812
58.7909
60.8553
62.9654
65.1123
67.2879
69.4854
71.6994
73.9266
76.1658
78.4183
80.688
82.9813
85.307
87.6762
90.1014
92.5966
95.1759
97.8531
100.641
103.549
106.586
109.753
113.05
116.468
119.995
123.609
127.284
130.986
134.675
138.303
141.819
145.165
148.28
151.1
153.562
155.598
157.144
158.14
158.525
158.249
157.263
155.529
153.019
149.711
145.598
140.685
134.989
128.542
121.391
113.599
105.246
96.4267
87.2547
77.8596
68.3872
58.9986
49.8693
41.1869
33.1489
25.9602
19.8287
14.9619
11.5619
9.81968
9.91
11.9848
16.167
22.5441
31.1622
42.02
55.0643
70.1854
87.2149
105.924
126.026
147.174
168.972
190.977
212.71
233.667
253.331
271.188
286.741
#4
390.629
419.931
446.134
468.346
485.731
497.546
503.173
502.156
494.229
479.342
457.681
429.681
396.027
357.648
315.703
271.55
226.71
182.821
141.58
104.684
73.7639
50.3149
35.6309
30.7415
36.3562
52.8182
80.0709
117.639
164.626
219.728
281.27
347.252
415.419
483.336
548.487
608.37
660.599
703.011
733.761
751.411
755.005
744.126
718.929
680.161
629.144
567.74
498.294
423.549
346.543
270.498
198.686
134.299
80.3116
39.3593
13.6163
4.69781
13.5804
40.5482
85.1667
146.285
222.07
310.066
407.285
510.318
615.465
718.882
816.731
905.339
981.343
1041.83
1084.48
1107.61
1110.32
1092.49
1054.81
998.758
926.531
840.996
745.557
644.033
540.512
439.185
344.19
259.447
188.507
134.413
99.5854
85.7278
93.766
123.815
175.18
246.388
335.251
438.955
554.171
677.189
804.057
930.732
1053.23
1167.77
1270.9
1359.62
1431.46
1484.59
1517.79
1530.56
1523.03
1495.96
1450.71
1389.1
1313.38
1226.09
1129.96
1027.84
922.519
816.703
712.883
613.28
519.782
433.908
356.784
289.138
231.312
183.287
144.72
114.993
93.2644
78.5283
69.6721
65.5341
64.9562
66.8317
70.1445
74.0009
77.652
80.507
82.1381
82.277
80.8044
77.734
73.1919
67.3936
60.6184
53.1852
45.4285
37.6767
30.234
23.3656
17.2866
12.1555
8.07155
5.07562
3.1541
2.24567
2.24978
3.03628
4.45563
6.34888
8.55696
10.9287
13.3276
15.6363
17.76
19.6276
21.191
22.424
23.3189
23.8834
24.1366
24.1047
23.818
23.3072
22.6014
21.7264
20.704
19.5525
18.2872
16.9224
15.4726
13.9554
12.3924
10.8117
9.24828
7.74479
6.35104
5.12285
4.12015
3.40443
3.03556
3.06846
3.54953
4.51326
5.97928
7.94995
10.4088
13.3198
16.6278
20.26
24.1282
28.1323
32.1643
36.1126
39.8674
43.325
46.3927
48.9927
51.0654
52.5721
53.4959
53.842
53.6372
52.927
51.7738
50.2521
48.4452
46.4397
44.3217
42.172
40.0622
38.0517
36.1847
34.4895
32.9774
31.6438
30.4692
29.4221
28.4616
27.5414
26.6134
25.6315
24.5555
23.3546
22.0094
20.5148
18.8805
17.1312
15.3063
13.4579
11.6488
9.94901
8.4326
7.17372
6.24271
5.70231
5.60419
5.98597
6.86889
8.25626
10.1327
12.4644
15.2
18.2724
21.6017
25.0976
28.6637
32.2008
35.6109
38.8014
41.6883
44.1992
46.2766
47.8791
48.9833
49.5845
49.696
49.3488
48.5903
47.4821
46.0976
44.52
42.8387
41.1466
39.5378
38.1041
36.933
36.1054
35.6938
35.7611
36.3589
37.528
39.2971
41.6836
44.694
48.3242
52.561
57.3827
62.7605
68.6596
75.0404
81.8597
89.0715
96.6282
104.481
112.582
120.882
129.332
137.887
146.499
155.124
163.716
172.234
180.633
188.872
196.909
204.703
212.213
219.397
226.214
232.625
238.589
244.066
249.017
253.402
257.186
260.33
262.799
264.561
265.583
265.835
265.289
263.922
261.711
258.638
254.692
249.863
244.15
237.558
230.104
221.812
212.721
202.882
192.365
181.257
169.667
157.725
145.585
133.429
121.461
109.912
99.0377
89.1141
80.4352
73.3077
68.044
64.9548
64.339
66.4738
71.6024
79.922
91.5713
106.618
125.046
146.748
171.513
199.024
228.854
260.466
293.22
326.384
359.144
#5
367.727
392.67
414.925
433.838
448.799
459.263
464.78
465.012
459.756
448.961
432.74
411.38
385.342
355.256
321.909
286.227
249.248
212.091
175.918
141.89
111.129
84.6677
63.4074
48.0791
39.2068
37.0793
41.7308
52.931
70.1859
92.7512
119.655
149.734
181.674
214.067
245.467
274.45
299.678
319.961
334.309
341.985
342.537
335.833
322.064
301.751
275.727
245.103
211.23
175.643
139.995
105.989
75.3037
49.5195
30.0471
18.0627
14.4527
19.7695
34.2011
57.5564
89.2657
128.398
173.695
223.615
276.397
330.125
382.81
432.469
477.203
515.283
545.219
565.823
576.266
576.111
565.34
544.359
513.987
475.43
430.235
380.237
327.487
274.177
222.552
174.828
133.104
99.2782
74.9798
61.4999
59.7435
70.1933
92.8905
127.433
172.99
228.333
291.885
361.777
435.919
512.081
587.97
661.32
729.968
791.93
845.474
889.167
921.927
943.045
952.203
949.469
935.28
910.414
875.945
833.191
783.655
728.961
670.787
610.803
550.607
491.673
435.306
382.6
334.419
291.379
253.846
221.943
195.567
174.415
158.019
145.777
137
130.945
126.861
124.023
121.76
119.491
116.734
113.13
108.442
102.555
95.476
87.3135
78.2669
68.6046
58.6427
48.7226
39.189
30.369
22.5544
15.9863
10.8438
7.23713
5.2038
4.7099
5.65429
7.87636
11.1663
15.2771
19.9383
24.8696
29.7941
34.4516
38.609
42.0702
44.6825
46.3411
46.9915
46.6285
45.2939
43.0713
40.0803
36.4683
32.4029
28.0625
23.6281
19.2752
15.1666
11.4457
8.23236
5.61891
3.66835
2.41374
1.85901
1.98088
2.73186
4.04402
5.83325
8.00391
10.4535
13.077
15.7716
18.4398
20.9929
23.3535
25.4571
27.2534
28.7066
29.795
30.5109
30.8586
30.8537
30.5207
29.8917
29.0042
27.8993
26.62
25.2094
23.7097
22.1607
20.5991
19.0574
17.5642
16.1432
14.8133
13.5892
12.4808
11.494
10.6311
9.89108
9.26991
8.76125
8.35674
8.04645
7.81926
7.6632
7.5658
7.51441
7.49645
7.49974
7.51271
7.52468
7.52614
7.50897
7.46669
7.39472
7.29052
7.1538
6.98659
6.79335
6.58088
6.35826
6.13659
5.92878
5.74906
5.61262
5.53499
5.53151
5.61674
5.8038
6.10387
6.52562
7.07486
7.75414
8.56265
9.4961
10.5469
11.7042
12.9546
14.2824
15.6701
17.0993
18.5512
20.0075
21.4507
22.8651
24.2374
25.5567
26.8154
28.009
29.1369
30.2015
31.209
32.1688
33.0934
33.9981
34.9006
35.8211
36.7812
37.8043
38.9148
40.1381
41.5
43.0265
44.7437
46.6773
48.8524
51.2929
54.0217
57.0599
60.4261
64.1368
68.2049
72.64
77.447
82.6263
88.173
94.0762
100.319
106.877
113.72
120.81
128.104
135.55
143.09
150.662
158.198
165.626
172.871
179.858
186.509
192.748
198.501
203.697
208.271
212.162
215.317
217.689
219.24
219.941
219.771
218.718
216.78
213.962
210.28
205.756
200.422
194.315
187.481
179.975
171.854
163.187
154.048
144.517
134.685
124.649
114.515
104.399
94.428
84.7371
75.4736
66.7954
58.8704
51.876
45.9976
41.4267
38.358
36.9855
37.4988
40.0773
44.8844
52.0611
61.7183
73.9297
88.7239
106.077
125.905
148.061
172.323
198.401
225.928
254.465
283.505
312.48
340.772
#6
297.114
316.152
332.842
346.718
357.356
364.383
367.501
366.494
361.248
351.758
338.136
320.619
299.566
275.455
248.874
220.511
191.131
161.557
132.644
105.25
80.2037
58.2767
40.1496
26.3848
17.4
13.4475
14.5984
20.734
31.5443
46.5347
65.0405
86.2491
109.23
132.969
156.41
178.499
198.229
214.682
227.075
234.796
237.434
234.802
226.955
214.188
197.034
176.242
152.755
127.668
102.186
77.5748
55.1035
35.9915
21.3522
12.1416
9.11219
12.7743
23.3676
40.8428
64.856
94.7752
129.699
168.487
209.804
252.166
294.005
333.727
369.78
400.721
425.279
442.408
451.344
451.637
443.184
426.235
401.399
369.623
332.166
290.55
246.505
201.907
158.699
118.817
84.1074
56.2528
36.6983
26.5891
26.7186
37.4908
58.8979
90.5158
131.516
180.694
236.517
297.18
360.679
424.889
487.649
546.845
600.498
646.835
684.358
711.903
728.673
734.269
728.69
712.328
685.941
650.61
607.687
558.732
505.444
449.587
392.919
337.124
283.748
234.143
189.432
150.469
117.829
91.801
72.3962
59.3682
52.2426
50.3549
52.8931
58.9449
67.5447
77.7204
88.536
99.1298
108.746
116.759
122.691
126.218
127.174
125.541
121.439
115.11
106.891
97.1955
86.4834
75.2394
63.9468
53.0659
43.0147
34.1534
26.7728
21.0864
17.2273
15.2481
15.1249
16.7639
20.0105
24.6605
30.4721
37.1781
44.4993
52.1556
59.8775
67.4153
74.5472
81.0849
86.8783
91.8172
95.832
98.8925
101.005
102.209
102.571
102.182
101.148
99.5886
97.627
95.3874
92.9893
90.5435
88.1485
85.8881
83.8296
82.0223
80.4979
79.2703
78.3371
77.6807
77.2705
77.0648
77.0138
77.0614
77.1481
77.2137
77.1989
77.0481
76.7106
76.1426
75.3082
74.1803
72.7409
70.9818
68.9041
66.5176
63.8409
60.8997
57.7261
54.3575
50.8352
47.2029
43.5059
39.7891
36.0966
32.47
28.9477
25.5644
22.3498
19.3289
16.5214
13.9419
11.5996
9.49912
7.64044
6.01982
4.63032
3.46249
2.50518
1.74633
1.17368
0.775513
0.541293
0.462156
0.531312
0.744276
1.09893
1.59542
2.23583
3.02377
3.96371
5.06026
6.31728
7.73703
9.31921
11.0601
12.9517
14.9812
17.1305
19.376
21.6885
24.0338
26.3732
28.6645
30.863
32.9234
34.8011
36.4542
37.845
38.9422
39.7223
40.1712
40.2853
40.0724
39.5523
38.7563
37.7269
36.5171
35.1883
33.8089
32.4518
31.1919
30.1034
29.2569
28.7169
28.5393
28.7689
29.4375
30.5631
32.1482
34.1804
36.6325
39.4631
42.6189
46.0361
49.6431
53.3634
57.1182
60.8297
64.4238
67.8331
70.9986
73.8727
76.4198
78.6176
80.4575
81.9443
83.0955
83.9398
84.5156
84.8691
85.0515
85.1172
85.1205
85.1141
85.146
85.2582
85.4844
85.8493
86.3673
87.042
87.8667
88.8241
89.8872
91.0208
92.182
93.3224
94.3891
95.3269
96.0795
96.5914
96.8093
96.6836
96.1695
95.2282
93.8277
91.9439
89.561
86.6719
83.2793
79.3954
75.0427
70.2541
65.0735
59.5557
53.7669
47.7847
41.6983
35.6086
29.6275
23.8781
18.4935
13.616
9.39566
5.98846
3.55404
2.25294
2.24343
3.67776
6.69805
11.4318
17.987
26.4471
36.866
49.2629
63.6175
79.8658
97.8962
117.547
138.604
160.801
183.822
207.3
230.827
253.957
276.217
#7
513.948
545.647
572.528
593.735
608.52
616.271
616.546
609.091
593.868
571.065
541.102
504.632
462.531
415.878
365.932
314.09
261.853
210.77
162.391
118.211
79.6129
47.8141
23.8181
8.37009
1.9218
4.60637
16.2246
36.2439
63.8101
97.7729
136.723
179.044
222.969
266.648
308.223
345.904
378.039
403.191
420.201
428.241
426.858
416.005
396.048
367.767
332.329
291.251
246.346
199.649
153.341
109.66
70.8023
38.8305
15.5818
2.58177
0.97076
11.4438
34.2086
68.9622
114.89
170.686
234.593
304.468
377.858
452.1
524.422
592.062
652.382
702.978
741.792
767.2
778.09
773.92
754.748
721.245
674.672
616.844
550.058
477.01
400.687
324.25
250.907
183.786
125.803
79.5462
47.1718
30.313
30.0147
46.6919
80.1122
129.407
193.107
269.203
355.226
448.35
545.5
643.476
739.075
829.213
911.039
982.036
1040.11
1083.65
1111.59
1123.4
1119.12
1099.31
1065.05
1017.8
959.415
891.997
817.826
739.264
658.658
578.253
500.118
426.073
357.645
296.024
242.05
196.204
158.623
129.123
107.238
92.2644
83.3142
79.3726
79.3537
82.1561
86.7139
92.041
97.268
101.67
104.683
105.916
105.146
102.311
97.4961
90.9071
82.8478
73.6906
63.848
53.7442
43.7893
34.3573
25.7673
18.271
12.044
7.18292
3.70709
1.56451
0.641151
0.773051
1.76004
3.38024
5.4045
7.60982
9.79116
11.7712
13.4075
14.597
15.2778
15.4287
15.0659
14.2384
13.0221
11.5123
9.81639
8.04681
6.31404
4.72073
3.35699
2.29683
1.59609
1.29159
1.40142
1.92639
2.85206
4.15146
5.78795
7.71814
9.89462
12.2683
14.7903
17.4133
20.0922
22.7846
25.4506
28.0525
30.5541
32.9203
35.1168
37.1098
38.866
40.3536
41.5427
42.4069
42.9245
43.0799
42.8659
42.284
41.3467
40.0773
38.5106
36.6923
34.6782
32.532
30.3235
28.1259
26.0122
24.0524
22.31
20.8386
19.6795
18.8592
18.3877
18.2577
18.4448
18.9084
19.5931
20.4316
21.348
22.2611
23.0891
23.7534
24.1828
24.3178
24.1133
23.5421
22.5962
21.2884
19.6519
17.7399
15.6234
13.3888
11.1343
8.96619
6.99436
5.32772
4.06981
3.31441
3.14171
3.61503
4.77821
6.6539
9.24274
12.5234
16.4536
20.9719
26.0002
31.447
37.2111
43.1849
49.2594
55.3271
61.2863
67.044
72.5188
77.6426
82.3627
86.6416
90.4575
93.8031
96.6848
99.1203
101.137
102.768
104.053
105.032
105.744
106.227
106.513
106.631
106.603
106.442
106.158
105.754
105.228
104.576
103.79
102.861
101.782
100.547
99.1538
97.6036
95.9023
94.061
92.0957
90.0276
87.8823
85.6895
83.4823
81.296
79.1678
77.1355
75.237
73.5094
71.9881
70.7064
69.6952
68.9817
68.59
68.5399
68.8466
69.5208
70.5676
71.9865
73.7708
75.9071
78.3751
81.1466
84.1857
87.4484
90.8822
94.4267
98.0131
101.565
105.001
108.23
111.162
113.699
115.746
117.208
117.994
118.021
117.217
115.521
112.89
109.303
104.761
99.2918
92.9545
85.8402
78.075
69.821
61.2771
52.6785
44.2953
36.4294
29.4108
23.5916
19.3393
17.0284
17.0299
19.7013
25.3734
34.3382
46.8352
63.0383
83.0427
106.854
134.376
165.404
199.621
236.59
275.762
316.476
357.971
399.4
439.85
478.358
#8
217.367
231.268
242.879
251.791
257.655
260.209
259.288
254.84
246.932
235.76
221.646
205.04
186.503
166.699
146.375
126.335
107.412
90.4418
76.2267
65.5034
58.9108
56.9599
60.0071
68.2322
81.6226
99.9649
122.844
149.65
179.595
211.738
245.012
278.268
310.316
339.97
366.099
387.677
403.824
413.854
417.304
413.969
403.909
387.467
365.256
338.146
307.236
273.818
239.325
205.281
173.241
144.725
121.156
103.803
93.7197
91.7008
98.2405
113.506
137.322
169.171
208.205
253.271
302.95
355.609
409.457
462.614
513.181
559.317
599.303
631.617
654.995
668.479
671.466
663.726
645.43
617.137
579.787
534.67
483.381
427.767
369.862
311.815
255.81
203.993
158.387
120.822
92.8647
75.7621
70.3936
77.2377
96.3534
127.376
169.529
221.653
282.242
349.504
421.416
495.804
570.41
642.98
711.336
773.447
827.505
871.972
905.635
927.636
937.49
935.095
920.723
894.994
858.847
813.496
760.374
701.076
637.299
570.778
503.226
436.274
371.425
310.008
253.141
201.714
156.369
117.499
85.2539
59.5555
40.1199
26.4869
18.0532
14.1091
13.876
16.5432
21.3028
27.3818
34.0686
40.7356
46.8552
52.0098
55.8971
58.3286
59.224
58.601
56.5621
53.279
48.9748
43.9074
38.3513
32.582
26.8615
21.4264
16.4784
12.1777
8.63927
5.93129
4.07684
3.05708
2.8163
3.26826
4.30335
5.79603
7.61235
9.61696
11.6795
13.6801
15.5137
17.0934
18.3523
19.2449
19.7467
19.8535
19.5795
18.9553
18.0252
16.8442
15.4753
13.9862
12.447
10.9272
9.49375
8.2089
7.12875
6.30196
5.76885
5.56087
5.70025
6.20006
7.06438
8.28875
9.86075
11.7607
13.9624
16.4342
19.1396
22.0384
25.0876
28.2423
31.4561
34.6827
37.8757
40.9902
43.9825
46.8113
49.4381
51.8275
53.9477
55.7709
57.2739
58.4381
59.2501
59.7019
59.7911
59.5211
58.9011
57.9462
56.677
55.1198
53.3057
51.2706
49.054
46.699
44.2509
41.7564
39.2628
36.817
34.4647
32.2488
30.2094
28.3824
26.799
25.485
24.4606
23.7397
23.3302
23.2339
23.4461
23.9569
24.751
25.8082
27.1047
28.6132
30.3045
32.1476
34.1112
36.1646
38.2781
40.4243
42.5784
44.719
46.8286
48.8937
50.9048
52.8567
54.7479
56.5806
58.3596
60.0924
61.788
63.4559
65.1059
66.7469
68.3861
70.0285
71.6763
73.3284
74.98
76.6229
78.2453
79.832
81.3653
82.825
84.1896
85.4369
86.5451
87.4937
88.2644
88.842
89.2153
89.378
89.3288
89.0724
88.6194
87.9864
87.196
86.2764
85.261
84.1877
83.098
82.0364
81.0491
80.1833
79.4857
79.0018
78.7745
78.8436
79.244
80.0059
81.1531
82.7031
84.666
87.0447
89.8343
93.0223
96.5886
100.506
104.739
109.248
113.985
118.899
123.932
129.024
134.113
139.132
144.015
148.695
153.106
157.181
160.856
164.071
166.766
168.887
170.382
171.206
171.318
170.684
169.275
167.071
164.06
160.239
155.614
150.205
144.042
137.169
129.645
121.544
112.955
103.987
94.7642
85.4276
76.1355
67.0613
58.3917
50.3244
43.0646
36.821
31.8006
28.2035
26.2163
26.0052
27.7094
31.4335
37.2404
45.1452
55.1091
67.0351
80.7647
96.0769
112.689
130.259
148.394
166.654
184.566
201.637
#9
189.46
205.564
219.8
231.711
240.881
246.948
249.623
248.701
244.08
235.771
223.909
208.761
190.726
170.336
148.247
125.228
102.144
79.9322
59.5751
42.0678
28.3828
19.4321
16.0279
18.8453
28.3852
44.943
68.5819
99.1137
136.088
178.794
226.264
277.303
330.514
384.341
437.12
487.141
532.707
572.203
604.162
627.335
640.743
643.732
636.013
617.69
589.267
551.652
506.128
454.32
398.144
339.733
281.366
225.376
174.058
129.577
93.8726
68.5769
54.9377
53.7578
65.3508
89.5161
125.536
172.191
227.804
290.295
357.268
426.094
494.032
558.329
616.349
665.683
704.258
730.435
743.085
741.653
726.193
697.375
656.47
605.307
546.206
481.883
415.339
349.74
288.275
234.023
189.814
158.105
140.867
139.49
154.72
186.618
234.549
297.203
372.65
458.414
551.58
648.917
747.014
842.429
931.83
1012.14
1080.67
1135.22
1174.17
1196.53
1202
1190.95
1164.36
1123.82
1071.41
1009.6
941.114
868.846
795.681
724.389
657.503
597.211
545.279
502.981
471.072
449.771
438.779
437.318
444.195
457.873
476.566
498.335
521.188
543.178
562.494
577.538
586.994
589.872
585.536
573.721
554.518
528.356
495.958
458.294
416.52
371.913
325.809
279.536
234.356
191.413
151.69
115.98
84.8615
58.6939
37.6176
21.5673
10.2926
3.38619
0.316496
0.463266
3.15406
7.69966
13.4268
19.707
25.9798
31.7714
36.7056
40.5103
43.0172
44.1571
43.95
42.4932
39.9454
36.5106
32.4214
27.9226
23.2564
18.6496
14.3025
10.382
7.01559
4.28978
2.24994
0.902846
0.221
0.148249
0.606367
1.50205
2.73392
4.1991
5.79913
7.44481
9.06005
10.5844
11.9742
13.2031
14.261
15.152
15.8926
16.5084
17.0312
17.4955
17.9364
18.386
18.8722
19.4164
20.0328
20.7281
21.5013
22.3447
23.2448
24.1832
25.1387
26.0884
27.0092
27.879
28.6776
29.3876
29.9949
30.488
30.8587
31.1011
31.2109
31.1851
31.0211
30.7159
30.2662
29.6681
28.9169
28.0079
26.9372
25.7023
24.3033
22.7443
21.0343
19.1884
17.2285
15.1841
13.0918
10.9957
8.94598
6.99801
5.21058
3.64391
2.35735
1.40707
0.843616
0.709636
1.03786
1.84942
3.15259
4.94212
7.199
9.89091
12.9731
16.3899
20.0764
23.9607
27.9663
32.0144
36.0263
39.9262
43.6428
47.111
50.274
53.0841
55.5031
57.5033
59.0669
60.1862
60.8626
61.1063
60.9351
60.3734
59.4512
58.2033
56.6679
54.8857
52.8993
50.752
48.4868
46.1462
43.7712
41.4004
39.0697
36.8118
34.6553
32.6249
30.7406
29.0179
27.4679
26.0972
24.9089
23.9026
23.0758
22.4247
21.9454
21.6349
21.4925
21.5212
21.728
22.1255
22.7317
23.5705
24.6712
26.0678
27.7981
29.9013
32.4172
35.3828
38.8307
42.7861
47.2645
52.2694
57.7899
63.7995
70.2548
77.0948
84.2411
91.5987
99.0572
106.493
113.771
120.75
127.283
133.224
138.429
142.763
146.101
148.335
149.373
149.147
147.613
144.752
140.576
135.124
128.465
120.698
111.95
102.376
92.1566
81.4925
70.6057
59.7332
49.123
39.0299
29.7101
21.4161
14.3906
8.86141
5.03494
3.09089
3.17649
5.40116
9.83164
16.4877
25.3383
36.2992
49.2307
63.9375
80.169
97.6214
115.942
134.733
153.561
171.963
#10
368.09
388.056
404.095
415.526
421.763
422.348
416.976
405.523
388.062
364.885
336.508
303.669
267.325
228.632
188.916
149.641
112.362
78.6742
50.1543
28.3
14.4663
9.80353
15.1988
31.2239
58.0922
95.6272
143.245
199.951
264.356
334.707
408.931
484.706
559.536
630.836
696.039
752.692
798.562
831.739
850.724
854.515
842.666
815.336
773.31
717.996
651.4
576.068
495.015
411.619
329.502
252.398
184.001
127.818
87.0194
64.2895
61.7018
80.6054
121.539
184.173
267.287
368.78
485.718
614.424
750.593
889.443
1025.9
1154.79
1271.05
1369.96
1447.31
1499.66
1524.46
1520.22
1486.62
1424.52
1336.02
1224.38
1093.94
949.951
798.39
645.721
498.631
363.75
247.361
155.121
91.7997
61.0572
65.2597
105.356
180.81
289.607
428.32
592.243
775.584
971.714
1173.44
1373.34
1564.04
1738.57
1890.65
2014.96
2107.31
2164.88
2186.24
2171.44
2121.9
2040.39
1930.79
1797.92
1647.28
1484.77
1316.43
1148.14
985.397
833.037
695.102
574.683
473.84
393.579
333.88
293.774
271.464
264.479
269.851
284.312
304.481
327.056
348.978
367.58
380.693
386.728
384.716
374.311
355.764
329.859
297.833
261.275
222.01
181.98
143.135
107.317
76.1721
51.0691
33.044
22.7629
20.5073
26.1797
39.3282
59.1864
84.7264
114.72
147.808
182.563
217.562
251.442
282.96
311.03
334.762
353.481
366.739
374.318
376.214
372.625
363.924
350.629
333.371
312.859
289.844
265.092
239.349
213.317
187.636
162.862
139.463
117.808
98.1676
80.7156
65.5369
52.6357
41.9466
33.3475
26.6721
21.7235
18.2863
16.1379
15.0589
14.841
15.2937
16.2491
17.5649
19.1254
20.8419
22.651
24.5122
26.4049
28.325
30.2802
32.2867
34.3649
36.5361
38.8187
41.2257
43.7628
46.4262
49.2021
52.0662
54.9842
57.9123
60.7991
63.5873
66.2158
68.6227
70.7474
72.5337
73.9322
74.9028
75.4165
75.4567
75.0209
74.1199
72.7784
71.0332
68.932
66.531
63.8923
61.0807
58.1611
55.195
52.2378
49.3365
46.5276
43.8359
41.2743
38.8434
36.5335
34.3255
32.194
30.1099
28.0438
25.969
23.8653
21.7217
19.5389
17.3311
15.1271
12.9704
10.9188
9.04185
7.41926
6.13688
5.28309
4.94433
5.20065
6.12109
7.75953
10.1509
13.308
17.2197
21.8494
27.135
32.9904
39.3072
45.958
52.8009
59.684
66.4507
72.9458
79.0205
84.5382
89.3793
93.4454
96.6626
98.9835
100.389
100.886
100.512
99.3245
97.4062
94.8564
91.7887
88.3264
84.5986
80.7356
76.8657
73.112
69.5899
66.4056
63.6547
61.4223
59.7828
58.8005
58.5306
59.0199
60.3076
62.4263
65.4016
69.2526
73.991
79.6206
86.1357
93.5197
101.744
110.765
120.526
130.952
141.953
153.421
165.234
177.255
189.332
201.308
213.016
224.286
234.949
244.841
253.805
261.693
268.375
273.734
277.675
280.122
281.02
280.338
278.066
274.218
268.827
261.951
253.666
244.071
233.281
221.433
208.682
195.2
181.178
166.824
152.362
138.033
124.091
110.804
98.4485
87.3089
77.6715
69.8201
64.0299
60.5606
59.6486
61.498
66.2723
74.0843
84.9872
98.9657
115.928
135.698
158.012
182.516
208.765
236.225
264.283
292.254
319.4
344.943
#11
209.245
218.419
224.449
226.978
225.76
220.675
211.749
199.156
183.228
164.453
143.466
121.036
98.0471
75.4701
54.3335
35.6866
20.5607
9.92854
4.66293
5.49735
12.9891
27.4873
49.1074
77.7125
112.905
154.025
200.162
250.175
302.722
356.3
409.291
460.017
506.797
548.01
582.159
607.926
624.234
630.294
625.651
610.212
584.27
548.51
504.002
452.184
394.824
333.976
271.915
211.071
153.947
103.029
60.7021
29.155
10.2929
5.65475
16.3397
42.9461
85.5251
143.554
215.925
300.964
396.461
499.73
607.688
716.951
823.951
925.061
1016.73
1095.64
1158.8
1203.72
1228.52
1232
1213.74
1174.14
1114.42
1036.62
943.53
838.611
725.875
609.742
494.867
385.965
287.62
204.096
139.157
95.908
76.6529
82.7926
114.755
171.966
252.864
354.958
474.925
608.738
751.838
899.313
1046.1
1187.2
1317.87
1433.81
1531.33
1607.5
1660.24
1688.37
1691.65
1670.78
1627.27
1563.41
1482.12
1386.81
1281.19
1169.15
1054.53
941.004
831.931
730.215
638.225
557.728
489.857
435.11
393.377
363.994
345.822
337.334
336.728
342.025
351.189
362.224
373.265
382.663
389.042
391.343
388.849
381.19
368.327
350.529
328.329
302.474
273.868
243.514
212.452
181.705
152.228
124.864
100.315
79.114
61.6141
47.9865
38.2255
32.1639
29.4934
29.7914
32.5497
37.2059
43.1737
49.8723
56.7522
63.318
69.1454
73.8943
77.3162
79.2566
79.6527
78.5275
75.9798
72.1719
67.316
61.6587
55.4663
49.0101
42.5533
36.3393
30.5825
25.4606
21.1106
17.6258
15.0559
13.4092
12.6556
12.732
13.5481
14.9931
16.9426
19.2651
21.8284
24.5056
27.1793
29.7462
32.1193
34.2301
36.0287
37.484
38.5823
39.3253
39.7279
39.8153
39.6202
39.1794
38.5317
37.7147
36.763
35.7068
34.5705
33.3725
32.1252
30.8357
29.507
28.1388
26.7302
25.2805
23.7914
22.2687
20.7233
19.1722
17.6393
16.1549
14.7553
13.4818
12.3787
11.4914
10.8639
10.536
10.5406
10.9011
11.6283
12.7192
14.1545
15.8984
17.8983
20.0853
22.3762
24.6762
26.8817
28.8855
30.5805
31.8659
32.6524
32.8671
32.4597
31.4061
29.7128
27.4192
24.5993
21.3618
17.8479
14.2291
10.7017
7.48143
4.79572
2.87556
1.94656
2.2197
3.88216
7.08864
11.9536
18.5447
26.8779
36.9143
48.5593
61.6634
76.0258
91.3994
107.498
124.006
140.587
156.895
172.588
187.333
200.827
212.796
223.011
231.29
237.508
241.593
243.535
243.377
241.217
237.202
231.518
224.388
216.061
206.802
196.886
186.589
176.177
165.906
156.009
146.696
138.149
130.521
123.935
118.484
114.233
111.22
109.462
108.952
109.667
111.569
114.61
118.729
123.86
129.93
136.862
144.572
152.974
161.976
171.479
181.382
191.573
201.938
212.351
222.684
232.798
242.553
251.801
260.394
268.183
275.021
280.767
285.286
288.457
290.17
290.333
288.877
285.752
280.935
274.431
266.272
256.524
245.279
232.664
218.837
203.982
188.317
172.081
155.539
138.973
122.684
106.98
92.1721
78.5715
66.4782
56.1751
47.9194
41.9345
38.4012
37.4498
39.1524
43.5158
50.4766
59.8967
71.5613
85.1794
100.387
116.751
133.78
150.936
167.645
183.319
197.373
