0 0.110526
1 0.0894737
2 0.0842105
3 0.0947368
4 0.1
5 0.1
6 0.1
7 0.110526
8 0.0894737
9 0.110526
10 0.131579
11 0.126316
12 0.157895
13 0.194737
14 0.221053
15 0.289474
16 0.363158
17 0.384211
18 0.442105
19 0.463158
20 0.484211
21 0.526316
22 0.557895
23 0.552632
24 0.542105
25 0.526316
26 0.531579
27 0.547368
28 0.536842
29 0.536842
30 0.531579
31 0.5
32 0.431579
33 0.452632
34 0.421053
35 0.452632
36 0.457895
37 0.468421
38 0.484211
39 0.505263
40 0.563158
41 0.584211
42 0.568421
43 0.573684
44 0.578947
45 0.557895
46 0.552632
47 0.531579
48 0.531579
49 0.484211
50 0.452632
51 0.394737
52 0.363158
53 0.310526
54 0.278947
55 0.257895
56 0.2
57 0.184211
58 0.189474
59 0.2
60 0.210526
61 0.242105
62 0.289474
63 0.331579
64 0.378947
65 0.421053
66 0.494737
67 0.552632
68 0.615789
69 0.668421
70 0.684211
71 0.715789
72 0.721053
73 0.726316
74 0.731579
75 0.710526
76 0.715789
77 0.678947
78 0.636842
79 0.589474
80 0.542105
81 0.5
82 0.442105
83 0.4
84 0.347368
85 0.3
86 0.289474
87 0.252632
88 0.252632
89 0.257895
90 0.252632
91 0.252632
92 0.242105
93 0.268421
94 0.289474
95 0.352632
96 0.410526
97 0.494737
98 0.552632
99 0.568421
100 0.615789
101 0.647368
102 0.657895
103 0.678947
104 0.694737
105 0.678947
106 0.668421
107 0.657895
108 0.652632
109 0.621053
110 0.573684
111 0.5
112 0.436842
113 0.347368
114 0.289474
115 0.273684
116 0.231579
117 0.221053
118 0.194737
119 0.178947
120 0.173684
121 0.173684
122 0.168421
123 0.168421
124 0.157895
125 0.168421
126 0.178947
127 0.178947
128 0.184211
129 0.194737
130 0.184211
131 0.184211
132 0.168421
133 0.142105
134 0.136842
135 0.142105
136 0.136842
137 0.152632
138 0.152632
139 0.163158
140 0.173684
141 0.178947
142 0.184211
143 0.184211
144 0.184211
145 0.189474
146 0.205263
147 0.194737
148 0.215789
149 0.236842
150 0.252632
151 0.263158
152 0.273684
153 0.263158
154 0.305263
155 0.321053
156 0.326316
157 0.321053
158 0.326316
159 0.331579
160 0.342105
161 0.347368
162 0.342105
163 0.352632
164 0.352632
165 0.336842
166 0.326316
167 0.315789
168 0.315789
169 0.326316
170 0.305263
171 0.289474
172 0.263158
173 0.252632
174 0.247368
175 0.247368
176 0.242105
177 0.226316
178 0.236842
179 0.226316
180 0.210526
181 0.226316
182 0.247368
183 0.263158
184 0.273684
185 0.278947
186 0.3
187 0.315789
188 0.347368
189 0.389474
190 0.405263
191 0.421053
192 0.431579
193 0.436842
194 0.415789
195 0.410526
196 0.410526
197 0.394737
198 0.373684
199 0.347368
200 0.336842
201 0.331579
202 0.315789
203 0.289474
204 0.263158
205 0.221053
206 0.2
207 0.173684
208 0.147368
209 0.136842
210 0.131579
211 0.131579
212 0.131579
213 0.136842
214 0.142105
215 0.147368
216 0.136842
217 0.115789
218 0.0842105
219 0.110526
220 0.105263
221 0.131579
222 0.121053
223 0.126316
224 0.136842
225 0.142105
226 0.147368
227 0.152632
228 0.152632
229 0.147368
230 0.136842
231 0.131579
232 0.136842
233 0.147368
234 0.152632
235 0.136842
236 0.173684
237 0.242105
238 0.347368
239 0.4
240 0.431579
241 0.526316
242 0.626316
243 0.726316
244 0.773684
245 0.805263
246 0.826316
247 0.826316
248 0.815789
249 0.815789
250 0.826316
251 0.831579
252 0.8
253 0.721053
254 0.626316
255 0.578947
256 0.542105
257 0.447368
258 0.347368
259 0.252632
260 0.210526
261 0.184211
262 0.173684
263 0.173684
264 0.168421
265 0.163158
266 0.168421
267 0.163158
268 0.173684
269 0.168421
270 0.210526
271 0.268421
272 0.352632
273 0.447368
274 0.510526
275 0.631579
276 0.731579
277 0.768421
278 0.805263
279 0.826316
280 0.852632
281 0.868421
282 0.878947
283 0.878947
284 0.863158
285 0.852632
286 0.805263
287 0.742105
288 0.657895
289 0.557895
290 0.494737
291 0.363158
292 0.263158
293 0.215789
294 0.184211
295 0.168421
296 0.142105
297 0.131579
298 0.121053
299 0.110526
300 0.115789
301 0.126316
302 0.142105
303 0.210526
304 0.363158
305 0.463158
306 0.605263
307 0.7
308 0.778947
309 0.842105
310 0.847368
311 0.868421
312 0.894737
313 0.9
314 0.889474
315 0.889474
316 0.889474
317 0.873684
318 0.857895
319 0.784211
320 0.626316
321 0.526316
322 0.378947
323 0.284211
324 0.2
325 0.136842
326 0.126316
327 0.110526
328 0.0947368
329 0.0842105
330 0.0736842
331 0.0736842
332 0.0631579
333 0.0736842
334 0.0684211
335 0.0736842
336 0.0947368
337 0.110526
338 0.2
339 0.273684
340 0.436842
341 0.578947
342 0.731579
343 0.805263
344 0.847368
345 0.873684
346 0.884211
347 0.878947
348 0.878947
349 0.873684
350 0.873684
351 0.868421
352 0.878947
353 0.863158
354 0.778947
355 0.710526
356 0.542105
357 0.394737
358 0.236842
359 0.157895
