0 0.210884
1 0.183673
2 0.176871
3 0.197279
4 0.14966
5 0.0952381
6 0.102041
7 0.136054
8 0.142857
9 0.14966
10 0.136054
11 0.156463
12 0.142857
13 0.122449
14 0.129252
15 0.129252
16 0.129252
17 0.0952381
18 0.0952381
19 0.102041
20 0.0952381
21 0.0816327
22 0.0816327
23 0.0748299
24 0.0748299
25 0.0952381
26 0.115646
27 0.163265
28 0.238095
29 0.380952
30 0.517007
31 0.578231
32 0.619048
33 0.653061
34 0.659864
35 0.639456
36 0.632653
37 0.591837
38 0.510204
39 0.353741
40 0.22449
41 0.176871
42 0.156463
43 0.136054
44 0.129252
45 0.122449
46 0.102041
47 0.0884354
48 0.102041
49 0.102041
50 0.108844
51 0.102041
52 0.0952381
53 0.0816327
54 0.0952381
55 0.102041
56 0.122449
57 0.129252
58 0.129252
59 0.129252
60 0.122449
61 0.163265
62 0.176871
63 0.204082
64 0.312925
65 0.401361
66 0.442177
67 0.510204
68 0.619048
69 0.646259
70 0.693878
71 0.653061
72 0.639456
73 0.62585
74 0.510204
75 0.421769
76 0.387755
77 0.319728
78 0.197279
79 0.163265
80 0.115646
81 0.108844
82 0.0952381
83 0.0952381
84 0.0816327
85 0.0748299
86 0.047619
87 0.047619
88 0.0816327
89 0.108844
90 0.14966
91 0.163265
92 0.183673
93 0.190476
94 0.217687
95 0.251701
96 0.367347
97 0.44898
98 0.462585
99 0.489796
100 0.530612
101 0.578231
102 0.585034
103 0.571429
104 0.55102
105 0.517007
106 0.401361
107 0.326531
108 0.278912
109 0.22449
110 0.14966
111 0.0952381
112 0.0612245
113 0.0680272
114 0.0680272
115 0.0884354
116 0.108844
117 0.115646
118 0.122449
119 0.170068
120 0.190476
121 0.217687
122 0.251701
123 0.285714
124 0.340136
125 0.414966
126 0.469388
127 0.517007
128 0.612245
129 0.632653
130 0.659864
131 0.639456
132 0.612245
133 0.585034
134 0.537415
135 0.435374
136 0.367347
137 0.312925
138 0.22449
139 0.156463
140 0.102041
141 0.0816327
142 0.0748299
143 0.0612245
144 0.047619
145 0.0612245
146 0.0680272
147 0.0680272
148 0.0544218
149 0.0748299
150 0.0884354
151 0.0884354
152 0.102041
153 0.102041
154 0.115646
155 0.115646
156 0.129252
157 0.136054
158 0.163265
159 0.156463
160 0.163265
161 0.204082
162 0.238095
163 0.258503
164 0.306122
165 0.367347
166 0.455782
167 0.489796
168 0.55102
169 0.571429
170 0.564626
171 0.564626
172 0.537415
173 0.530612
174 0.47619
175 0.414966
176 0.306122
177 0.251701
178 0.176871
179 0.142857
180 0.142857
181 0.108844
182 0.0884354
183 0.0884354
184 0.0952381
185 0.0816327
186 0.0884354
187 0.0884354
188 0.0952381
189 0.122449
190 0.108844
191 0.108844
192 0.122449
193 0.102041
194 0.129252
195 0.142857
196 0.176871
197 0.176871
198 0.197279
199 0.176871
200 0.183673
201 0.183673
202 0.176871
203 0.183673
204 0.14966
205 0.163265
206 0.115646
207 0.115646
208 0.0816327
209 0.0816327
210 0.0952381
211 0.0884354
212 0.102041
213 0.115646
214 0.115646
215 0.0952381
216 0.115646
217 0.142857
218 0.156463
219 0.22449
220 0.244898
221 0.340136
222 0.387755
223 0.44898
224 0.496599
225 0.578231
226 0.598639
227 0.585034
228 0.564626
229 0.503401
230 0.455782
231 0.37415
232 0.312925
233 0.231293
234 0.176871
235 0.102041
236 0.0748299
237 0.0680272
238 0.0884354
239 0.0748299
240 0.0816327
241 0.0884354
242 0.108844
243 0.122449
244 0.14966
245 0.156463
246 0.142857
247 0.142857
248 0.170068
249 0.190476
250 0.210884
251 0.204082
252 0.231293
253 0.251701
254 0.265306
255 0.29932
256 0.353741
257 0.47619
258 0.489796
259 0.537415
260 0.544218
261 0.591837
262 0.571429
263 0.557823
264 0.52381
265 0.482993
266 0.435374
267 0.326531
268 0.272109
269 0.210884
270 0.183673
271 0.136054
272 0.108844
273 0.108844
274 0.129252
275 0.136054
276 0.136054
277 0.136054
278 0.156463
279 0.183673
280 0.204082
281 0.217687
282 0.251701
283 0.258503
284 0.278912
285 0.292517
286 0.319728
287 0.353741
288 0.408163
289 0.428571
290 0.462585
291 0.44898
292 0.428571
293 0.435374
294 0.394558
295 0.408163
296 0.380952
297 0.346939
298 0.278912
299 0.244898
300 0.197279
301 0.204082
302 0.197279
303 0.183673
304 0.197279
305 0.156463
306 0.170068
307 0.170068
308 0.183673
309 0.210884
310 0.231293
311 0.238095
312 0.238095
313 0.238095
314 0.244898
315 0.265306
316 0.285714
317 0.278912
318 0.265306
319 0.265306
320 0.258503
321 0.285714
322 0.340136
323 0.360544
324 0.346939
325 0.346939
326 0.326531
327 0.353741
328 0.353741
329 0.333333
330 0.326531
331 0.29932
332 0.258503
333 0.22449
334 0.22449
335 0.22449
336 0.231293
337 0.217687
338 0.210884
339 0.197279
340 0.176871
341 0.170068
342 0.163265
343 0.163265
344 0.163265
345 0.136054
346 0.122449
347 0.122449
348 0.136054
349 0.14966
350 0.14966
351 0.156463
352 0.163265
353 0.163265
354 0.197279
355 0.265306
356 0.251701
357 0.231293
358 0.210884
359 0.190476
