#1
8.3003
8.50404
8.62016
8.64813
8.59063
8.45318
8.24366
7.97172
7.64811
7.28397
6.89003
6.47598
6.04974
5.61704
5.18113
4.74285
4.30104
3.85335
3.39731
2.93176
2.45822
1.98226
1.51444
1.07076
0.672313
0.344139
0.113252
0.00592861
0.0445392
0.244228
0.609861
1.13366
1.79394
2.55523
3.36996
4.18176
4.93011
5.55598
6.00793
6.24791
6.25625
6.03489
5.60852
5.02327
4.34275
3.64189
2.99901
2.48691
2.16414
2.06741
2.20614
2.56017
3.08085
3.69593
4.31765
4.8533
5.21711
5.34191
5.18911
4.75549
4.07573
3.21995
2.28641
1.38978
0.646533
0.159048
0.00072695
0.204194
0.754519
1.58876
2.60234
3.6618
4.62244
5.34857
5.73361
5.71677
5.29395
4.52048
3.50528
2.39653
1.361
0.559741
0.123955
0.134682
0.609701
1.49982
2.69531
4.04169
5.36235
6.48449
7.26431
7.60725
7.48028
6.91428
5.9964
4.85398
3.63281
2.4738
1.49184
0.760402
0.30426
0.101144
0.0915486
0.194511
0.326186
0.417661
0.428733
0.355248
0.228847
0.109397
0.0717383
0.189332
0.517931
1.08228
1.86829
2.82205
3.85592
4.86062
5.72123
6.33463
6.62533
6.55744
6.14087
5.43096
4.52184
3.53461
2.60226
1.85353
1.39792
1.31381
1.64091
2.37765
3.48341
4.88481
6.48488
8.1738
9.83967
11.3784
12.7017
13.7423
14.4571
14.8278
14.8586
14.5735
14.0115
13.2215
12.2576
11.1741
10.0222
8.84716
7.68715
6.57312
5.52972
4.57689
3.73138
3.00801
2.42
1.97823
1.68946
1.55387
1.56235
1.69453
1.91803
2.18976
2.45936
2.67463
2.78843
2.76587
2.59062
2.26912
1.83153
1.32907
0.8277
0.398936
0.109129
0.00885302
0.124199
0.451482
0.956396
1.57789
2.23631
2.84458
3.32073
3.59984
3.64344
3.44523
3.03195
2.45966
1.80599
1.1596
0.608563
0.229266
0.0774046
0.182116
0.543808
1.13567
1.90832
2.79669
3.72802
4.62996
5.43758
6.09891
6.57824
6.85743
6.93525
6.82507
6.55164
6.1472
5.64759
5.08872
4.50364
3.92047
3.36116
2.84114
2.36964
1.95065
1.58416
1.26753
0.996899
0.768201
0.577919
0.423371
0.302595
0.213908
0.155276
0.123681
0.114662
0.122202
0.139072
0.157656
0.171211
0.175394
0.16983
0.159413
0.155036
0.173485
0.236284
0.367463
0.590351
0.923697
1.3776
1.94982
2.62322
3.36478
4.12686
4.85075
5.47247
5.93029
6.17305
6.16821
5.90828
5.41444
4.7363
3.94757
3.13749
2.39925
1.81662
1.45105
1.33125
1.44734
1.75098
2.16198
2.58087
2.90578
3.05084
2.96321
2.63527
2.1096
1.47498
0.853687
0.381461
0.183346
0.349501
0.915388
1.8503
3.05693
4.38293
5.64309
6.64903
7.24143
7.31945
6.86173
5.9351
4.68865
3.33353
2.1114
1.25619
0.955645
1.31879
2.35516
3.9693
5.97189
8.10607
10.0847
11.6333
12.531
12.6444
11.9479
10.5282
8.57258
6.34186
4.13417
2.24345
0.919773
0.336931
0.571582
1.59646
3.28781
5.44526
7.82061
10.1509
12.1913
13.7428
14.672
14.9212
14.5077
13.5141
12.0719
10.341
8.48819
6.66784
5.00688
3.59515
2.4818
1.67716
1.15904
0.88177
0.78652
0.81112
0.898353
1.00181
1.08906
1.14221
1.15644
1.137
1.09563
1.04697
1.00555
0.983664
0.990304
1.03103
1.10853
1.22367
1.37652
1.56734
1.79701
2.06723
2.38003
2.73717
3.13924
3.5848
4.06975
4.58689
5.12598
5.67412
6.21638
6.73679
7.21936
7.64908
8.01288
#2
3.76292
3.46813
3.17094
2.88385
2.61381
2.36227
2.12635
1.90058
1.67896
1.4569
1.23263
1.00796
0.788235
0.581625
0.39784
0.246653
0.136399
0.0727221
0.0577047
0.0894784
0.162302
0.267061
0.392108
0.524327
0.650329
0.757672
0.836
0.87801
0.880134
0.84287
0.77068
0.671446
0.555509
0.434395
0.319374
0.220052
0.143205
0.0920379
0.066007
0.0612379
0.0715011
0.0895861
0.108853
0.124695
0.135642
0.143889
0.15513
0.177651
0.220837
0.293282
0.400861
0.545096
0.722196
0.923024
1.13413
1.33982
1.52492
1.67802
1.79428
1.87758
1.94111
2.00634
2.10002
2.24969
2.47815
2.7979
3.20648
3.68379
4.19221
4.67975
5.08623
5.35166
5.4257
5.2766
4.89807
4.31278
3.57155
2.74812
1.93012
1.20744
0.659867
0.345972
0.294945
0.502871
0.933926
1.52632
2.20191
2.87789
3.47851
3.94515
4.24292
4.3633
4.3224
4.15565
3.91016
3.63611
3.37883
3.17291
3.0388
2.98248
2.9975
3.06877
3.17707
3.3032
3.43103
3.54905
3.65036
3.73135
3.78984
3.82321
3.82708
3.79509
3.71972
3.59404
3.41396
3.18046
2.90123
2.59125
2.27229
1.97111
1.71676
1.53745
1.45732
1.49384
1.656
1.94364
2.34793
2.85278
3.437
4.07672
4.74774
5.42758
6.09683
6.73985
7.34471
7.90264
8.40696
8.85191
9.23146
9.5384
9.76374
9.89668
9.92499
9.83603
9.61813
9.26232
8.76429
8.12626
7.35862
6.48114
5.52335
4.52403
3.52958
2.59134
1.7618
1.09006
0.616968
0.370357
0.361191
0.581119
1.00208
1.57831
2.25079
2.95391
3.62356
4.20578
4.6645
4.9873
5.18795
5.30486
5.39552
5.52717
5.76502
6.15969
6.73594
7.48465
8.35971
9.28089
10.1425
10.8275
11.2238
11.2426
10.8336
9.9959
8.78279
7.29835
5.6872
4.11803
2.76328
1.77792
1.2801
1.33647
1.95403
3.07943
4.60571
6.38522
8.24682
10.0151
11.5288
12.6568
13.3097
13.4456
13.0705
12.2346
11.0233
9.54629
7.92615
6.2861
4.74002
3.38419
2.29179
1.50983
1.05852
0.932663
1.1046
1.52825
2.14397
2.88367
3.67615
4.45222
5.14951
5.71661
6.11645
6.32853
6.34997
6.1951
5.89373
5.48806
5.02852
4.56902
4.16176
3.85243
3.67606
3.65394
3.79202
4.08075
4.49644
5.00388
5.55999
6.11795
6.63145
7.05869
7.36563
7.52838
7.53448
7.38313
7.08444
6.65786
6.13007
5.53252
4.89891
4.26285
3.65572
3.10496
2.63278
2.25532
1.98218
1.81642
1.75483
1.78859
1.90422
2.08474
2.31103
2.56334
2.8227
3.07221
3.29808
3.49021
3.64224
3.75128
3.81703
3.84077
3.8243
3.76907
3.67581
3.54467
3.37612
3.17236
2.93897
2.68665
2.43227
2.1991
2.0158
1.91389
1.92404
2.07138
2.3705
2.82098
3.40419
4.08224
4.79961
5.48747
6.07069
6.47665
6.64488
6.5362
6.13994
5.47811
4.60563
3.60626
2.58447
1.65427
0.926117
0.493813
0.422953
0.742625
1.44145
2.46854
3.73929
5.14516
6.56617
7.88444
8.99694
9.82585
10.3253
10.4837
10.322
9.88765
9.24621
8.47149
7.63578
6.80155
6.0157
5.30682
4.68558
4.14767
3.67869
3.25973
2.8727
2.50451
2.14945
1.8097
1.49392
1.21464
0.985075
0.815994
0.713499
0.677968
0.704362
0.783688
0.905218
1.05887
1.23716
1.43634
1.65634
1.89962
2.16923
2.46646
2.78872
3.1281
3.4711
3.79945
4.09225
4.32865
4.49092
4.56705
4.55261
4.45128
4.27423
4.03821
#3
3.92874
3.43667
2.91969
2.43316
2.02451
1.72712
1.55621
1.5074
1.55813
1.67162
1.80298
1.90636
1.94225
1.88377
1.72112
1.46328
1.13703
0.783016
0.4497
0.185917
0.0332159
0.0191398
0.152515
0.421514
0.794848
1.22597
1.65963
2.03987
2.3181
2.46001
2.45031
2.29436
2.01667
1.65639
1.26067
0.877032
0.546032
0.295516
0.13734
0.0670986
0.06681
0.109963
0.167948
0.216627
0.241797
0.242509
0.231596
0.233288
0.278314
0.397352
0.614011
0.938634
1.36408
1.86435
2.39644
2.90529
3.33115
3.61833
3.72386
3.62494
3.32369
2.84854
2.2518
1.60372
0.983602
0.469425
0.127149
0.0014601
0.109205
0.436571
0.940486
1.55412
2.19575
2.77986
3.22873
3.48308
3.51004
3.30751
2.90413
2.355
1.73385
1.12281
0.601316
0.235754
0.071354
0.127283
0.395518
0.843394
1.4192
2.05978
2.69888
3.27504
3.73788
4.05229
4.20014
4.17968
4.00329
3.69407
3.2821
2.80097
2.28493
1.76682
1.27673
0.841138
0.482227
0.217161
0.0572305
0.00687219
0.062794
0.213474
0.439349
0.713917
1.00584
1.28195
1.51085
1.66668
1.73249
1.7028
1.58478
1.39799
1.1725
0.945716
0.758201
0.649088
0.651602
0.789266
1.07323
1.50099
2.0566
2.71235
3.4315
4.17196
4.8902
5.54515
6.10166
6.53306
6.82284
6.96519
6.96452
6.83412
6.59407
6.26884
5.88472
5.46738
5.03988
4.62118
4.2253
3.86119
3.53311
3.24158
2.98457
2.75883
2.56109
2.38896
2.24145
2.11896
2.02283
1.95445
1.91417
1.90023
1.90783
1.92878
1.9516
1.9625
1.94684
1.89117
1.78554
1.62556
1.41412
1.16208
0.888075
0.616944
0.377146
0.197285
0.102212
0.109241
0.225048
0.443765
0.746644
1.10347
1.47563
1.82051
2.09674
2.26949
2.3153
2.22554
2.00829
1.68807
1.30371
0.904319
0.544126
0.276571
0.14852
0.19519
0.436361
0.87425
1.49321
2.26122
3.13288
4.05353
4.96412
5.80604
6.52584
7.07906
7.43321
7.56954
7.48369
7.18524
6.69634
6.04965
5.28572
4.45006
3.59019
2.75263
1.98016
1.30932
0.768335
0.375571
0.138521
0.0535056
0.106095
0.272304
0.520534
0.814169
1.11469
1.38508
1.59319
1.71485
1.73635
1.65593
1.48426
1.24358
0.96564
0.68855
0.452719
0.296375
0.251054
0.337563
0.562928
0.918723
1.3811
1.91266
2.466
2.98884
3.42992
3.74526
3.9038
3.89181
3.71515
3.3992
2.98603
2.52927
2.08702
1.71393
1.45339
1.3311
1.35101
1.49446
1.72271
1.98273
2.21549
2.36555
2.39036
2.26803
2.00192
1.62133
1.17793
0.738339
0.373817
0.148661
0.109154
0.274883
0.63397
1.14319
1.73321
2.31832
2.80935
3.12782
3.21918
3.06293
2.67788
2.12156
1.48356
0.87349
0.40533
0.18024
0.270523
0.707155
1.47293
2.50244
3.68924
4.89924
5.98869
6.82423
7.30198
7.36313
7.00335
6.2748
5.28007
4.1589
3.06949
2.16687
1.58163
1.40175
1.66038
2.33123
3.33206
4.53603
5.78896
6.93013
7.8137
8.32764
8.40756
8.0438
7.2808
6.20922
4.95217
3.64765
2.42998
1.41268
0.675334
0.255879
0.149211
0.311789
0.6712
1.13891
1.6241
2.04642
2.34597
2.4891
2.46967
2.30603
2.03452
1.70106
1.3523
1.02792
0.755323
0.547311
0.402948
0.31106
0.255476
0.220796
0.197469
0.185146
0.193645
0.241363
0.351459
0.546563
0.843049
1.24599
1.74578
2.31719
2.92109
3.50863
4.02736
4.42831
4.67285
4.73836
4.62171
4.34005
#4
8.81598
7.68678
6.43724
5.20495
4.12416
3.30833
2.83491
2.73452
2.98658
3.52218
4.23403
4.99224
5.66352
6.13103
6.31144
6.1668
5.709
4.99636
4.12293
3.2024
2.34956
1.66232
1.20751
1.01254
1.06409
1.31364
1.68841
2.10535
2.48543
2.76573
2.9073
2.89778
2.74909
2.49123
2.16402
1.80899
1.46319
1.15606
0.909783
0.742272
0.671645
0.720188
0.916214
1.29258
1.88152
2.70643
3.77214
5.05592
6.50148
8.01804
9.48562
10.7667
11.7226
12.2333
12.2162
11.6414
10.541
9.00932
7.19404
5.27951
3.4636
1.93205
0.833824
0.261263
0.238037
0.716649
1.58591
2.68722
3.83725
4.85372
5.58063
5.9094
5.79317
5.2524
4.37136
3.28609
2.16586
1.19055
0.527127
0.308292
0.615854
1.47087
2.83153
4.59882
6.62893
8.75061
10.7852
12.5663
13.9576
14.8651
15.2445
15.1011
14.4848
13.4793
12.1893
10.7262
9.19563
7.68723
6.26887
4.98486
3.8581
2.89498
2.0917
1.44053
0.934683
0.570977
0.349982
0.273855
0.342666
0.550216
0.880483
1.30565
1.78635
2.27429
2.71699
3.06394
3.27317
3.31734
3.18819
2.89886
2.4836
1.995
1.49904
1.06873
0.777091
0.690384
0.862311
1.32976
2.11044
3.20244
4.58555
6.22398
8.06994
10.0676
12.1571
14.2773
16.3691
18.3761
20.2455
21.9282
23.3777
24.5499
25.4029
25.897
25.9968
25.6737
24.9091
23.6993
22.06
20.03
17.6743
15.0843
12.3761
9.68438
7.15401
4.92837
3.13595
1.87651
1.20854
1.13998
1.62374
2.55951
3.80217
5.17666
6.49791
7.59352
8.32644
8.61427
8.44227
7.86755
7.01316
6.05232
5.18419
4.60448
4.4748
4.89543
5.88575
7.37584
9.21114
11.1702
12.9933
14.4188
15.221
15.2453
14.4338
12.8389
10.6211
8.0313
5.38057
3.00029
1.19903
0.221912
0.218126
1.22124
3.14478
5.7936
8.88908
12.1046
15.1058
17.5909
19.3245
20.1618
20.0602
19.0769
17.3548
15.099
12.5469
9.93816
7.48641
5.35803
3.65895
2.4308
1.65569
1.26802
1.17081
1.25375
1.41038
1.55208
1.61761
1.57732
1.43246
1.21032
0.956418
0.725422
0.571978
0.542826
0.67095
0.972212
1.44454
2.0694
2.81504
3.64095
4.50287
5.35775
6.16807
6.90523
7.55164
8.10134
8.55926
8.93918
9.26069
9.54564
9.81442
10.0827
10.359
10.6436
10.9283
11.1983
11.4344
11.6159
11.7239
11.744
11.6676
11.4933
11.2258
10.8752
10.455
9.98064
9.46821
8.93426
8.39612
7.87293
7.38691
6.96394
6.63332
6.42579
6.36996
6.48727
6.78611
7.25616
7.86414
8.55222
9.24007
9.83105
10.2224
10.3185
10.0461
9.3681
8.29572
6.89426
5.28276
3.62555
2.11612
0.954882
0.323075
0.356382
1.122
2.60285
4.6919
7.1984
9.86611
12.4019
14.5116
15.9382
16.4973
16.1051
14.7932
12.7097
10.1031
7.29301
4.62982
2.44948
1.02899
0.549295
1.0708
2.52496
4.72343
7.38334
10.1654
12.719
14.729
15.9555
16.2643
15.6405
14.187
12.1058
9.66798
7.1739
4.91289
3.12571
1.97605
1.53433
1.77536
2.58941
3.80395
5.21231
6.60452
7.79556
8.6472
9.08076
9.07983
8.68366
7.9732
7.05309
6.0327
5.00967
4.05825
3.22379
2.52349
1.9524
1.49284
1.1249
0.835802
0.626276
0.512795
0.525398
0.701667
1.07806
1.68032
2.51463
3.56128
4.772
6.0715
7.36351
8.54039
9.49542
10.136
10.3962
10.2468
9.70111
#5
1.84285
0.791157
0.307409
0.481543
1.30957
2.69179
4.4461
6.3346
8.09963
9.50349
10.3656
10.591
10.186
9.25699
7.99479
6.64463
5.46805
4.70222
4.52327
5.01923
6.17684
7.88403
9.94725
12.1207
14.1427
15.7728
16.8245
17.1889
16.845
15.8572
14.3604
12.5361
10.5844
8.69522
7.02544
5.68301
4.72108
4.14138
3.90525
3.94929
4.20208
4.59877
5.09072
5.64895
6.26136
6.92503
7.63595
8.37877
9.11947
9.80276
10.3552
10.6942
10.7406
10.4339
9.7459
8.69122
7.3319
5.77485
4.16213
2.65517
1.4148
0.580176
0.249334
0.464557
1.20456
2.38493
3.86683
5.47313
7.00972
8.28942
9.15524
9.50007
9.28008
8.52029
7.31153
5.79921
4.16553
2.6074
1.31299
0.439872
0.0975009
0.336001
1.14249
2.44497
4.12293
6.02285
7.97646
9.81916
11.4064
12.6261
13.4063
13.7174
13.5698
13.0071
12.098
10.926
9.58052
8.14901
6.71082
5.33362
4.0715
2.96471
2.04028
1.31322
0.787796
0.458746
0.312385
0.327656
0.477255
0.728949
1.04714
1.3947
1.73492
2.03365
2.26123
2.39441
2.41792
2.32582
2.12247
1.82312
1.45401
1.05194
0.663034
0.340753
0.142974
0.128222
0.351193
0.857871
1.68067
2.83408
4.31141
6.08302
8.09651
10.2788
12.5404
14.7811
16.8969
18.7873
20.3624
21.5488
22.2941
22.5692
22.3685
21.7088
20.6259
19.1708
17.4059
15.4017
13.2344
10.9848
8.73845
6.58552
4.6212
2.94391
1.65153
0.834593
0.566648
0.892526
1.81608
3.2896
5.20746
7.40644
9.67454
11.7689
13.4418
14.4729
14.702
14.059
12.5843
10.4354
7.87694
5.25221
2.94056
1.30407
0.632024
1.09162
2.69359
5.27957
8.53513
12.0281
15.2681
17.7784
19.1703
19.2073
17.8482
15.2626
11.8135
8.01027
4.43736
1.66968
0.187878
0.306249
2.12457
5.51132
10.1208
15.4409
20.8648
25.7739
29.6207
31.999
32.6906
31.6845
29.1652
25.4754
21.0592
16.3958
11.9344
8.03973
4.9548
2.78556
1.5068
0.986407
1.02216
1.38381
1.85341
2.25765
2.48824
2.50843
2.34663
2.07972
1.81026
1.64219
1.65938
1.91032
2.40095
3.09596
3.92762
4.80977
5.65451
6.38834
6.96543
7.37604
7.64903
7.84856
8.06553
8.40533
8.9737
9.86241
11.1368
12.8262
14.919
17.3613
20.0608
22.8945
25.7186
28.3808
30.7331
32.6434
34.0059
34.748
34.8347
34.2691
33.0903
31.3676
29.1933
26.675
23.9262
21.0591
18.1775
15.3728
12.7204
10.2791
8.09161
6.18541
4.57491
3.26288
2.24178
1.49446
0.994651
0.70732
0.589515
0.592087
0.662614
0.749634
0.807966
0.804548
0.723955
0.572556
0.380282
0.19915
0.0981
0.154246
0.441275
1.01638
1.90753
3.10331
4.54711
6.13758
7.73593
9.18003
10.304
10.961
11.046
10.5151
9.39855
7.80364
5.90766
3.93976
2.15422
0.798059
0.0775635
0.128329
0.993604
2.61439
4.83334
7.41247
10.0626
12.4808
14.3903
15.5775
15.921
15.4077
14.1335
12.2901
10.1371
7.9656
6.05841
4.651
3.90078
3.86785
4.51004
5.69263
7.21082
8.82143
10.2786
11.3682
11.9363
11.9065
11.286
10.1579
8.66361
6.97707
5.2768
3.71926
2.41839
1.43414
0.771367
0.388515
0.213945
0.166353
0.175191
0.197065
0.224974
0.288647
0.445945
0.76709
1.31484
2.12466
3.18896
4.44903
5.79669
7.08614
8.15463
8.84852
9.05051
8.70319
7.82428
6.51054
4.92879
3.29476
#6
5.02098
4.47584
3.98076
3.57585
3.28596
3.11874
3.06502
3.1013
3.19395
3.30443
3.39465
3.43205
3.39356
3.26825
3.05828
2.77838
2.4537
2.11671
1.80318
1.54802
1.38115
1.32411
1.38757
1.57011
1.8584
2.2287
2.64951
3.08497
3.49869
3.85733
4.13369
4.30873
4.37255
4.3242
4.17061
3.92489
3.6045
3.22958
2.82181
2.40368
1.99832
1.62939
1.32082
1.09589
0.975583
0.976069
1.10565
1.36166
1.72795
2.17382
2.65495
3.11667
3.49965
3.74733
3.81439
3.67473
3.32787
2.80215
2.15404
1.46306
0.822615
0.327764
0.0615997
0.0821883
0.412231
1.03328
1.88575
2.87517
3.88402
4.7877
5.47224
5.85107
5.87819
5.55534
4.93208
4.09827
3.17033
2.27315
1.52084
0.999276
0.753592
0.782641
1.04133
1.45036
1.91163
2.32636
2.6127
2.71963
2.63466
2.38396
2.02516
1.63434
1.28976
1.0557
0.969474
1.03423
1.21889
1.46525
1.70064
1.8539
1.87115
1.72851
1.43898
1.05211
0.646362
0.315428
0.150917
0.224594
0.57335
1.18972
2.0198
2.96908
3.91545
4.72744
5.28479
5.49807
5.32447
4.77705
3.92614
2.89256
1.83361
0.923725
0.332578
0.203499
0.635195
1.66905
3.28356
5.39648
7.87409
10.5463
13.2253
15.7258
17.8834
19.5699
20.7033
21.2525
21.2347
20.7096
19.7678
18.5189
17.0785
15.5565
14.0486
12.6308
11.357
10.2601
9.35441
8.63989
8.10626
7.73655
7.50976
7.40251
7.38977
7.44522
7.54142
7.65035
7.7442
7.79667
7.7843
7.68781
7.49311
7.19181
6.78142
6.2652
5.65204
4.95645
4.19881
3.40571
2.61009
1.85085
1.17132
0.616458
0.228672
0.0426269
0.0797233
0.343224
0.815069
1.4553
2.20466
2.99034
3.73443
4.36371
4.81956
5.06607
5.09518
4.92776
4.61033
4.20799
3.79463
3.442
3.20945
3.13593
3.23545
3.49651
3.88533
4.35218
4.8394
5.28989
5.65449
5.89748
5.99934
5.95695
5.78153
5.49498
5.12554
4.70354
4.2578
3.81307
3.38866
2.99791
2.64856
2.34344
2.08149
1.85883
1.66992
1.50871
1.36985
1.24984
1.14795
1.06671
1.01174
0.990797
1.01188
1.08082
1.19849
1.35846
1.54552
1.73584
1.89897
2.0019
2.01458
1.91641
1.70233
1.38755
1.00963
0.627131
0.314556
0.153842
0.223376
0.586024
1.27799
2.30035
3.6149
5.14519
6.78321
8.40081
9.86467
11.0525
11.8684
12.2547
12.1986
11.7332
10.9312
9.89379
8.73596
7.56995
6.49032
5.56242
4.81619
4.24607
3.81677
3.47388
3.15708
2.81385
2.41088
1.94145
1.4273
0.914775
0.465822
0.145667
0.00924026
0.0889512
0.386092
0.867607
1.46906
2.10357
2.67545
3.09647
3.30205
3.2646
3.00179
2.57777
2.097
1.69106
1.50018
1.65192
2.24037
3.3087
4.83816
6.74526
8.88799
11.0806
13.1149
14.7862
15.9183
16.3874
16.1376
15.1894
13.6373
11.6384
9.39264
7.11767
5.02209
3.28029
2.0126
1.27322
1.04753
1.25878
1.78299
2.46965
3.16496
3.73429
4.08044
4.1553
3.96337
3.55706
3.02479
2.47416
2.01298
1.73134
1.68739
1.89907
2.34271
2.95832
3.6605
4.35269
4.94235
5.35449
5.54144
5.48759
5.20869
4.74634
4.15907
3.51184
2.86606
2.27162
1.7624
1.35534
1.05297
0.848239
0.730466
0.690766
0.725856
0.839399
1.04071
1.34121
1.74955
2.26654
2.88109
3.56815
4.28929
4.99586
5.63442
6.15348
6.51044
6.67756
6.64603
6.42735
6.05193
5.56507
#7
4.84999
3.68406
2.64707
1.86628
1.41432
1.30157
1.47968
1.85505
2.30915
2.72182
2.99325
3.06113
2.91
2.57203
2.1193
1.64965
1.26862
1.07083
1.12392
1.45754
2.05888
2.8753
3.82303
4.80055
5.70404
6.44259
6.95057
7.19552
7.18043
6.94039
6.53436
6.03375
5.50986
5.02228
4.61041
4.2893
4.05062
3.86816
3.70694
3.53381
3.32753
3.08606
2.82944
2.59754
2.44265
2.41839
2.56683
2.90646
3.4236
4.06931
4.76295
5.40242
5.87963
6.09889
5.99493
5.54742
4.78893
3.80457
2.72274
1.69804
0.888729
0.432317
0.423089
0.895427
1.81579
3.08493
4.55023
6.02649
7.32205
8.26625
8.73402
8.66394
8.06687
7.0241
5.67532
4.19829
2.78365
1.60831
0.811787
0.478492
0.62858
1.21816
2.14845
3.28206
4.46363
5.54153
6.38744
6.91118
7.06893
6.86426
6.34263
5.58056
4.67194
3.71367
2.79291
1.97777
1.31235
0.816381
0.488816
0.314288
0.27082
0.337284
0.49925
0.752299
1.10239
1.56345
2.15268
2.88471
3.76537
4.78638
5.92178
7.12664
8.33838
9.48073
10.4699
11.2223
11.6634
11.7363
11.4094
10.6826
9.59088
8.20489
6.62805
4.99055
3.44011
2.1303
1.20727
0.796017
0.987549
1.82818
3.31235
5.37981
7.91794
10.7692
13.7435
16.6339
19.2354
21.363
22.8693
23.6577
23.6906
22.9914
21.6399
19.7614
17.5113
15.057
12.5595
10.1575
7.9563
6.02236
4.3848
3.04292
1.97783
1.16591
0.591058
0.25285
0.168697
0.369063
0.886444
1.74025
2.9209
4.37708
6.00976
7.6758
9.20188
10.4078
11.1353
11.2786
10.8089
9.78934
8.375
6.79664
5.32967
4.25228
3.79948
4.12104
5.25085
7.09401
9.43476
11.965
14.3292
16.179
17.2282
17.2991
16.3523
14.4955
11.9684
9.10849
6.30073
3.92166
2.28549
1.60087
1.94464
3.2556
5.34826
7.94343
10.71
13.3107
15.4461
16.8884
17.5046
17.2632
16.2285
14.5427
12.401
10.0222
7.62229
5.39034
3.47258
1.96339
0.903895
0.286766
0.0655173
0.166222
0.499839
0.973606
1.50044
2.00584
2.43212
2.7403
2.91002
2.93798
2.83541
2.62513
2.33822
2.01101
1.6821
1.38986
1.17034
1.0556
1.07258
1.24219
1.57884
2.09005
2.77612
3.62982
4.63597
5.7711
7.00332
8.29247
9.5911
10.8461
12.0017
13.0027
13.7993
14.3514
14.6335
14.6378
14.3763
13.8809
13.2007
12.3977
11.5401
10.6949
9.92003
9.25785
8.73026
8.33683
8.05615
7.85034
7.67212
7.47358
7.21522
6.87367
6.44699
5.95625
5.44309
4.96324
4.57695
4.33768
4.28095
4.41515
4.71634
5.12814
5.56736
5.93504
6.13161
6.07414
5.71292
5.04476
4.1203
3.04347
1.96244
1.05231
0.491555
0.43514
0.988118
2.18392
3.97113
6.21157
8.69124
11.1434
13.2819
14.8398
15.6087
15.473
14.4319
12.6079
10.2361
7.63718
5.17626
3.21235
2.04639
1.87522
2.75891
4.6071
7.18723
10.1544
13.0994
15.6069
17.3177
17.9819
17.4979
15.9284
13.4915
10.5278
7.44813
4.67027
2.55503
1.35147
1.16056
1.92301
3.43311
5.37607
7.38226
9.08911
10.2001
10.5308
10.035
8.80563
7.05302
5.06318
3.14499
1.57576
0.554676
0.172349
0.401039
1.10668
2.07957
3.07741
3.87238
4.2934
4.25614
3.77553
2.95935
1.98468
1.06212
0.395009
0.141091
0.383678
1.11718
2.24913
3.61767
5.02091
6.25227
7.13551
7.55307
7.4633
6.90378
5.98121
#8
1.51855
1.07859
0.807089
0.713811
0.789227
1.00704
1.32839
1.70717
2.09565
2.44978
2.73362
2.92244
3.00414
2.97912
2.85865
2.66198
2.41289
2.13597
1.8533
1.58195
1.33267
1.10981
0.912451
0.736438
0.576806
0.430129
0.296241
0.178952
0.0855873
0.0253968
0.00717318
0.0365738
0.113759
0.231929
0.377186
0.529923
0.667598
0.768507
0.815878
0.801545
0.728437
0.611317
0.475481
0.353482
0.280298
0.28767
0.398509
0.62229
0.952237
1.36483
1.82183
2.2746
2.67019
2.95837
3.09873
3.0667
2.85791
2.49015
2.00255
1.45224
0.908466
0.445091
0.131964
0.0262856
0.164834
0.558037
1.18669
2.00195
2.92886
3.87345
4.73267
5.40648
5.81054
5.88803
5.61883
5.02473
4.16943
3.15297
2.10094
1.14959
0.42866
0.0443422
0.0647002
0.509827
1.34827
2.50039
3.8483
5.25094
6.56214
7.649
8.40792
8.77599
8.73633
8.31689
7.58318
6.62656
5.5501
4.45428
3.42487
2.52437
1.78813
1.22499
0.821837
0.55068
0.376724
0.265886
0.190504
0.132518
0.0839543
0.0451021
0.0211434
0.0182301
0.0399679
0.0850734
0.146642
0.213076
0.270379
0.305239
0.308235
0.276471
0.21512
0.137595
0.0642915
0.0201552
0.0314721
0.122412
0.311849
0.610914
1.02158
1.5364
2.13936
2.80764
3.51389
4.22887
4.92384
5.57264
6.1531
6.64785
7.04439
7.33472
7.51449
7.58213
7.538
7.38386
7.12268
6.75905
6.29996
5.75589
5.14211
4.47966
3.79599
3.12471
2.50433
1.97588
1.57934
1.34935
1.31043
1.47251
1.82741
2.34704
2.98389
3.67422
4.34375
4.91554
5.3192
5.50003
5.42698
5.09791
4.54117
3.81299
2.99062
2.16215
1.41433
0.820162
0.428353
0.256316
0.288034
0.477319
0.756064
1.04626
1.27381
1.38192
1.34163
1.15781
0.869265
0.543119
0.264032
0.120209
0.188397
0.520371
1.13314
2.00444
3.07429
4.25222
5.42903
6.49119
7.33563
7.88265
8.08525
7.93357
7.45423
6.70495
5.76553
4.72685
3.67953
2.70388
1.86227
1.19478
0.718162
0.427802
0.301977
0.30741
0.40518
0.556093
0.724916
0.88314
1.01024
1.09364
1.12775
1.11253
1.05195
0.952685
0.823165
0.673095
0.513254
0.355441
0.212351
0.0972124
0.02307
0.00172182
0.0424017
0.150404
0.325893
0.563152
0.850477
1.17084
1.50329
1.82502
2.11374
2.35014
2.51988
2.61504
2.63459
2.58385
2.47314
2.31579
2.12596
1.91663
1.69829
1.47837
1.26176
1.052
0.852997
0.670732
0.514427
0.396843
0.333429
0.340367
0.431802
0.616756
0.896362
1.26202
1.69497
2.16746
2.64548
3.09261
3.47442
3.76262
3.93825
3.99349
3.93178
3.76628
3.51719
3.20846
2.8646
2.5081
2.15802
1.8297
1.53546
1.28592
1.09116
0.9614
0.906707
0.935551
1.05256
1.25587
1.53488
1.86897
2.22805
2.57499
2.86993
3.07593
3.1651
3.12389
2.95679
2.68713
2.35486
2.01125
1.71118
1.50429
1.42635
1.49254
1.69383
1.99728
2.35052
2.6897
2.94976
3.07534
3.03044
2.80513
2.4181
1.9145
1.3593
0.82726
0.391187
0.110315
0.0209185
0.130646
0.417536
0.833855
1.31405
1.78543
2.17968
2.44334
2.54543
2.48096
2.27012
1.95316
1.58228
1.21199
0.889746
0.648555
0.50282
0.447964
0.463774
0.520624
0.587251
0.638492
0.661452
0.658894
0.649221
0.663042
0.737023
0.906152
1.19591
1.61577
2.15532
2.78359
3.45193
4.0999
4.6632
5.08245
5.31141
5.3234
5.11501
4.7066
4.1397
3.47169
2.76867
2.09758
